4  336
6  636
8  522
10  286
11  380
12  445
13  315
14  137
15  893
16  996
17  6
17  829
20  214
20  943
24  414
24  631
24  928
25  895
27  71
27  739
29  393
30  206
31  705
32  98
33  271
34  86
34  146
34  869
36  594
36  890
38  294
39  312
39  439
41  392
41  672
44  216
45  220
45  561
47  792
48  166
48  504
48  613
48  623
48  833
51  114
51  255
52  762
53  245
53  376
54  948
55  916
57  310
58  879
59  979
60  100
60  495
60  686
63  452
64  38
64  453
65  298
67  138
67  847
69  720
70  583
71  865
71  881
72  685
73  854
75  717
75  930
76  575
77  313
79  203
79  915
80  109
80  372
82  202
82  285
83  729
86  464
87  90
88  403
90  441
90  795
92  59
92  293
95  37
95  169
95  746
96  914
97  772
98  899
101  445
101  798
102  35
102  715
103  518
104  870
105  836
106  207
107  5
107  581
107  906
108  631
109  648
110  490
111  828
111  884
112  352
112  499
113  384
114  234
115  572
115  700
118  655
119  273
119  370
119  397
121  112
123  953
124  723
125  309
125  604
127  73
128  924
129  411
130  133
130  834
130  841
132  652
133  348
134  725
136  154
136  173
136  993
137  400
137  456
138  387
139  201
139  961
141  527
142  176
144  959
145  218
146  365
146  643
147  178
148  427
148  596
149  39
149  601
149  943
150  670
151  543
152  185
152  221
152  545
153  115
153  151
154  246
155  478
156  132
156  160
156  344
156  992
157  195
157  781
157  986
159  228
159  395
160  426
161  829
162  552
163  305
163  371
164  67
164  146
165  414
167  880
168  113
168  219
168  563
168  694
169  485
169  726
170  229
170  842
170  869
171  187
171  461
171  526
171  587
172  45
172  79
172  406
172  815
173  258
173  520
173  651
173  862
174  211
174  645
175  275
175  513
175  910
176  23
176  314
176  503
176  550
177  145
177  213
178  672
179  105
179  108
179  390
180  539
181  353
181  368
181  529
181  791
181  947
182  19
182  114
182  592
183  245
183  549
183  663
183  748
184  2
184  123
184  206
184  336
184  393
184  447
184  606
184  691
185  40
185  150
185  161
185  269
185  745
185  953
186  98
186  152
186  415
186  449
186  467
186  540
186  602
187  60
187  181
187  186
187  212
187  223
187  260
187  832
187  954
188  8
188  46
188  102
188  267
188  695
188  704
188  712
188  730
188  875
188  934
188  990
189  16
189  94
189  165
189  167
189  284
189  304
189  383
189  418
189  425
189  561
189  564
189  662
189  711
189  741
189  767
189  848
189  896
189  998
190  9
190  61
190  217
190  750
190  938
190  942
190  967
191  66
191  128
191  338
191  363
191  366
191  376
191  432
191  576
191  618
191  737
191  826
191  831
191  930
192  116
192  135
192  149
192  334
192  359
192  403
192  424
192  440
192  452
192  473
192  533
192  554
192  571
192  676
192  680
192  721
192  889
192  892
192  912
192  914
193  75
193  249
193  420
193  439
193  516
193  640
193  719
193  851
193  867
193  886
193  890
193  978
194  17
194  29
194  48
194  170
194  257
194  357
194  502
194  523
194  586
194  591
194  607
194  796
194  807
194  815
194  904
194  950
194  964
195  7
195  49
195  83
195  131
195  155
195  156
195  272
195  281
195  296
195  361
195  407
195  419
195  421
195  625
195  646
195  658
195  668
195  705
195  752
195  779
195  820
195  829
195  874
195  883
195  909
195  911
195  919
195  927
195  936
195  961
195  981
196  28
196  42
196  91
196  142
196  184
196  247
196  264
196  280
196  283
196  343
196  450
196  605
196  635
196  636
196  699
196  830
196  861
196  955
196  956
196  969
196  982
196  984
197  21
197  24
197  191
197  200
197  242
197  274
197  324
197  431
197  505
197  609
197  649
197  657
197  757
197  778
197  786
197  824
197  855
197  857
197  864
197  872
197  877
197  882
197  888
197  907
197  917
197  971
198  54
198  68
198  240
198  270
198  333
198  349
198  350
198  358
198  476
198  560
198  562
198  589
198  803
198  817
198  837
198  844
198  852
198  859
198  873
198  897
198  945
198  974
198  976
198  977
199  50
199  85
199  134
199  199
199  224
199  250
199  285
199  347
199  360
199  454
199  593
199  623
199  684
199  688
199  707
199  802
199  805
199  823
199  835
199  862
199  876
199  881
199  898
199  899
199  947
199  957
199  958
199  997
200  129
200  140
200  252
200  271
200  277
200  381
200  522
200  773
200  784
200  797
200  822
200  833
200  847
200  849
200  854
200  858
200  863
200  865
200  885
200  887
200  900
200  905
200  925
200  928
200  931
200  933
200  960
200  979
200  980
200  985
200  992
200  993
201  236
201  259
201  409
201  493
201  801
201  808
201  825
201  842
201  845
201  846
201  870
201  903
201  916
201  920
201  923
201  929
201  932
201  937
201  941
201  946
201  951
201  952
201  962
201  972
201  999
202  80
202  86
202  101
202  153
202  194
202  313
202  446
202  492
202  521
202  570
202  804
202  813
202  816
202  828
202  838
202  853
202  869
202  871
202  944
202  984
202  988
202  996
203  26
203  209
203  479
203  547
203  718
203  800
203  811
203  827
203  839
203  860
203  879
203  880
203  891
203  894
203  913
203  918
203  921
203  922
203  924
203  943
203  954
203  963
203  965
203  973
203  995
204  119
204  295
204  372
204  555
204  599
204  615
204  633
204  806
204  832
204  833
204  893
204  905
204  939
204  948
204  970
204  975
204  976
204  983
204  990
205  293
205  352
205  654
205  809
205  810
205  812
205  834
205  840
205  843
205  866
205  868
205  878
205  895
205  896
205  902
205  908
205  932
205  934
205  935
205  959
205  968
205  989
206  423
206  585
206  814
206  881
206  884
206  906
206  940
206  964
206  991
206  994
207  74
207  164
207  310
207  355
207  373
207  474
207  512
207  537
207  603
207  722
207  807
207  818
207  819
207  831
207  836
207  841
207  851
207  901
207  910
207  915
207  926
207  933
207  987
208  118
208  122
208  427
208  579
208  794
208  828
208  842
208  858
208  874
208  907
208  914
208  942
208  986
209  183
209  248
209  301
209  611
209  673
209  683
209  887
209  904
209  930
209  949
209  961
210  1
210  82
210  613
210  698
210  799
210  800
210  863
210  873
210  953
210  966
210  969
210  978
210  980
211  38
211  55
211  84
211  161
211  235
211  255
211  276
211  339
211  380
211  404
211  428
211  460
211  514
211  630
211  653
211  693
211  700
211  703
211  714
211  780
211  789
211  892
211  911
211  934
211  974
211  982
212  37
212  58
212  111
212  169
212  174
212  225
212  231
212  239
212  320
212  329
212  402
212  417
212  445
212  496
212  575
212  580
212  584
212  629
212  631
212  642
212  681
212  747
212  753
212  759
212  760
212  803
212  814
212  817
212  824
212  835
212  954
212  956
212  960
212  973
213  0
213  22
213  43
213  52
213  81
213  158
213  171
213  197
213  203
213  332
213  448
213  459
213  475
213  499
213  524
213  616
213  619
213  661
213  736
213  776
213  837
213  847
213  850
213  866
213  885
213  889
213  929
213  943
213  957
214  27
214  30
214  62
214  64
214  69
214  97
214  103
214  104
214  121
214  136
214  175
214  177
214  182
214  241
214  312
214  326
214  348
214  377
214  388
214  397
214  482
214  491
214  500
214  503
214  515
214  532
214  556
214  559
214  597
214  632
214  652
214  687
214  690
214  704
214  706
214  716
214  761
214  788
214  821
214  829
214  834
214  856
214  891
214  931
214  947
214  958
214  993
215  56
215  67
215  79
215  107
215  120
215  163
215  189
215  190
215  205
215  254
215  289
215  292
215  299
215  331
215  340
215  369
215  386
215  441
215  588
215  634
215  660
215  674
215  709
215  717
215  733
215  766
215  777
215  798
215  802
215  840
215  875
215  880
215  908
216  5
216  15
216  32
216  130
216  144
216  185
216  201
216  215
216  262
216  311
216  344
216  394
216  429
216  469
216  519
216  534
216  558
216  600
216  666
216  708
216  724
216  728
216  735
216  744
216  769
216  787
216  801
216  808
216  817
216  833
216  870
216  888
216  890
216  921
216  924
216  925
216  950
216  952
216  955
216  964
216  965
216  977
217  3
217  4
217  44
217  59
217  65
217  77
217  96
217  106
217  110
217  137
217  151
217  233
217  265
217  290
217  367
217  436
217  442
217  471
217  481
217  501
217  504
217  510
217  606
217  610
217  628
217  638
217  650
217  659
217  685
217  696
217  701
217  712
217  755
217  774
217  818
217  825
217  826
217  827
217  854
217  857
217  862
217  864
217  872
217  884
217  910
217  913
217  917
217  919
217  920
217  928
217  962
217  970
217  979
217  982
217  995
218  93
218  95
218  126
218  138
218  196
218  216
218  237
218  273
218  279
218  282
218  341
218  356
218  396
218  430
218  455
218  456
218  543
218  578
218  644
218  671
218  675
218  710
218  713
218  723
218  734
218  772
218  792
218  844
218  846
218  848
218  882
218  886
218  896
218  897
218  898
218  899
218  903
218  912
218  915
218  916
218  923
218  966
218  985
218  990
218  997
219  71
219  123
219  160
219  173
219  243
219  291
219  378
219  379
219  421
219  465
219  477
219  486
219  489
219  551
219  574
219  624
219  746
219  763
219  775
219  781
219  790
219  802
219  806
219  811
219  831
219  849
219  859
219  867
219  876
219  879
219  894
219  895
219  932
219  933
219  937
219  941
219  942
219  946
219  976
219  992
219  996
220  33
220  127
220  176
220  259
220  300
220  319
220  335
220  354
220  399
220  416
220  692
220  812
220  819
220  830
220  852
220  860
220  863
220  865
220  869
220  871
220  877
220  909
220  930
220  938
220  939
220  948
220  971
220  975
220  984
220  988
220  994
220  999
221  10
221  90
221  92
221  581
221  583
221  796
221  804
221  807
221  820
221  883
221  887
221  900
221  901
221  926
221  943
221  945
221  959
221  961
222  222
222  303
222  438
222  462
222  517
222  539
222  655
222  809
222  810
222  815
222  822
222  845
222  861
222  878
222  892
222  896
222  902
222  960
222  981
223  180
223  253
223  413
223  466
223  602
223  805
223  816
223  834
223  837
223  840
223  842
223  843
223  844
223  862
223  907
223  918
223  927
223  936
223  951
223  953
223  974
223  983
223  986
224  365
224  461
224  511
224  538
224  563
224  567
224  582
224  594
224  729
224  793
224  814
224  823
224  854
224  904
224  914
224  940
224  969
224  982
225  47
225  108
225  125
225  128
225  133
225  162
225  168
225  384
225  392
225  656
225  702
225  732
225  758
225  813
225  838
225  839
225  871
225  876
225  928
225  944
225  947
225  952
225  955
225  958
225  968
225  972
225  978
225  985
225  989
225  991
225  998
226  31
226  39
226  70
226  87
226  156
226  210
226  278
226  382
226  389
226  435
226  453
226  468
226  483
226  508
226  530
226  566
226  569
226  590
226  715
226  725
226  739
226  749
226  768
226  808
226  811
226  850
226  873
226  889
226  893
226  905
226  906
226  922
226  949
226  979
226  981
226  994
227  35
227  112
227  188
227  286
227  296
227  302
227  316
227  330
227  371
227  383
227  484
227  507
227  526
227  572
227  625
227  665
227  676
227  800
227  803
227  817
227  826
227  829
227  832
227  855
227  867
227  868
227  874
227  875
227  879
227  891
227  895
227  908
227  911
227  912
227  913
227  925
227  934
227  950
227  956
227  957
227  963
227  973
227  993
228  41
228  114
228  124
228  148
228  192
228  202
228  214
228  241
228  280
228  288
228  322
228  324
228  443
228  532
228  574
228  622
228  806
228  811
228  818
228  819
228  820
228  828
228  856
228  857
228  923
228  931
228  942
228  948
228  954
228  964
228  970
228  997
229  53
229  109
229  139
229  154
229  204
229  263
229  361
229  362
229  509
229  535
229  588
229  635
229  648
229  667
229  756
229  786
229  821
229  823
229  877
229  888
229  899
229  909
229  916
229  921
229  932
229  937
229  939
229  962
229  984
229  999
230  25
230  89
230  147
230  157
230  218
230  260
230  287
230  298
230  352
230  415
230  451
230  457
230  573
230  584
230  591
230  614
230  627
230  679
230  802
230  849
230  853
230  881
230  883
230  884
230  900
230  919
230  920
230  929
230  951
230  995
231  61
231  116
231  121
231  221
231  245
231  306
231  318
231  414
231  425
231  525
231  592
231  762
231  807
231  809
231  812
231  824
231  836
231  837
231  838
231  841
231  890
231  898
231  924
231  934
231  935
231  953
231  959
231  973
231  977
231  987
231  988
231  989
231  990
232  7
232  8
232  12
232  146
232  234
232  321
232  343
232  370
232  380
232  432
232  463
232  531
232  542
232  607
232  643
232  670
232  751
232  791
232  810
232  816
232  827
232  830
232  832
232  844
232  845
232  852
232  859
232  862
232  863
232  867
232  871
232  880
232  882
232  892
232  894
232  904
232  933
232  941
232  944
232  946
232  967
232  974
233  18
233  72
233  73
233  142
233  150
233  175
233  212
233  238
233  261
233  267
233  346
233  376
233  401
233  439
233  498
233  577
233  743
233  770
233  783
233  801
233  805
233  814
233  847
233  851
233  858
233  864
233  866
233  870
233  878
233  885
233  889
233  905
233  907
233  930
233  982
233  983
233  992
233  998
234  19
234  51
234  223
234  232
234  308
234  496
234  545
234  555
234  565
234  567
234  608
234  662
234  697
234  800
234  813
234  818
234  825
234  855
234  874
234  887
234  903
234  910
234  924
234  925
234  940
234  949
234  956
234  960
234  971
234  975
235  34
235  90
235  100
235  153
235  193
235  216
235  224
235  426
235  468
235  490
235  540
235  683
235  687
235  740
235  754
235  773
235  840
235  868
235  884
235  886
235  918
235  922
235  928
235  944
235  958
235  965
235  966
235  980
235  985
235  996
235  997
235  999
236  81
236  272
236  393
236  418
236  472
236  731
236  746
236  798
236  820
236  833
236  835
236  842
236  843
236  851
236  853
236  861
236  895
236  933
236  936
236  945
236  950
236  957
236  978
237  199
237  227
237  251
237  353
237  385
237  398
237  412
237  564
237  595
237  637
237  711
237  718
237  822
237  848
237  857
237  869
237  875
237  899
237  914
237  969
237  979
237  990
237  991
238  10
238  198
238  264
238  360
238  405
238  465
238  480
238  492
238  497
238  598
238  741
238  807
238  827
238  829
238  872
238  888
238  897
238  898
238  901
238  913
238  948
238  976
239  323
239  337
239  358
239  491
239  495
239  568
239  673
239  834
239  902
239  926
239  938
239  939
239  970
239  974
239  981
239  988
239  989
240  40
240  49
240  191
240  208
240  269
240  283
240  314
240  325
240  384
240  391
240  621
240  701
240  815
240  828
240  839
240  860
240  876
240  885
240  967
240  987
241  27
241  33
241  60
241  85
241  134
241  140
241  171
241  195
241  271
241  304
241  311
241  411
241  413
241  420
241  434
241  487
241  529
241  779
241  803
241  811
241  830
241  831
241  846
241  865
241  866
241  917
241  927
242  20
242  88
242  141
242  143
242  266
242  295
242  336
242  437
242  449
242  544
242  548
242  605
242  612
242  649
242  727
242  748
242  794
242  823
242  877
242  884
242  893
242  937
242  955
243  17
243  136
243  177
243  230
243  309
243  313
243  347
243  536
243  669
243  681
243  726
243  737
243  757
243  764
243  819
243  856
243  862
243  863
243  879
243  912
243  915
243  916
243  931
243  945
243  963
244  11
244  57
244  63
244  78
244  168
244  246
244  256
244  274
244  276
244  351
244  408
244  556
244  562
244  633
244  677
244  695
244  802
244  935
244  954
244  961
244  978
244  982
245  6
245  13
245  15
245  28
245  50
245  105
245  290
245  349
245  409
245  473
245  488
245  518
245  578
245  626
245  640
245  664
245  730
245  750
245  782
245  790
245  817
245  827
245  850
245  892
245  899
245  906
245  917
245  930
245  958
245  964
245  972
245  977
246  29
246  56
246  117
246  129
246  131
246  149
246  165
246  213
246  270
246  294
246  320
246  333
246  344
246  374
246  377
246  394
246  406
246  410
246  416
246  462
246  464
246  470
246  516
246  553
246  587
246  589
246  620
246  705
246  765
246  785
246  801
246  806
246  810
246  816
246  842
246  874
246  889
246  890
246  921
246  923
246  943
246  952
247  14
247  41
247  163
247  166
247  181
247  203
247  217
247  240
247  249
247  282
247  293
247  355
247  364
247  390
247  421
247  476
247  506
247  509
247  524
247  557
247  561
247  613
247  641
247  651
247  658
247  686
247  784
247  821
247  822
247  847
247  852
247  853
247  854
247  877
247  878
247  891
247  900
247  905
247  907
247  946
247  971
247  975
247  998
248  2
248  16
248  99
248  132
248  155
248  201
248  215
248  305
248  317
248  478
248  494
248  537
248  549
248  551
248  586
248  617
248  642
248  708
248  804
248  807
248  825
248  831
248  832
248  837
248  844
248  848
248  851
248  858
248  880
248  896
248  897
248  901
248  911
248  944
248  948
248  950
248  962
248  968
248  991
248  995
248  996
249  44
249  55
249  98
249  113
249  125
249  179
249  205
249  206
249  301
249  386
249  397
249  452
249  474
249  479
249  528
249  593
249  611
249  668
249  693
249  722
249  795
249  812
249  814
249  833
249  843
249  845
249  857
249  870
249  873
249  886
249  953
249  959
249  966
249  973
249  984
249  987
250  25
250  178
250  229
250  257
250  268
250  280
250  346
250  368
250  553
250  654
250  663
250  682
250  691
250  721
250  735
250  742
250  771
250  808
250  813
250  826
250  864
250  903
250  904
250  909
250  914
250  917
250  927
250  933
250  945
250  997
251  67
251  145
251  342
251  400
251  419
251  430
251  504
251  513
251  560
251  563
251  657
251  717
251  809
251  818
251  836
251  854
251  867
251  883
251  895
251  902
251  932
251  936
251  942
251  951
251  970
252  220
252  310
252  327
252  328
252  609
252  616
252  647
252  806
252  817
252  823
252  840
252  842
252  855
252  875
252  882
252  884
252  886
252  894
252  910
252  918
252  925
252  926
252  938
252  969
252  974
252  976
252  988
252  990
253  226
253  252
253  461
253  523
253  684
253  694
253  745
253  810
253  812
253  828
253  861
253  872
253  885
253  888
253  908
253  919
253  920
253  923
253  928
253  946
253  954
253  957
253  960
253  961
253  986
254  59
254  186
254  225
254  277
254  284
254  375
254  431
254  440
254  541
254  615
254  685
254  736
254  804
254  807
254  809
254  811
254  815
254  831
254  841
254  849
254  865
254  867
254  869
254  876
254  887
254  904
254  929
254  940
254  947
254  965
254  967
254  979
254  981
254  985
254  993
254  998
255  242
255  260
255  307
255  387
255  636
255  747
255  800
255  838
255  839
255  860
255  871
255  898
255  915
255  922
255  971
255  989
255  992
255  995
256  554
256  596
256  604
256  695
256  754
256  801
256  805
256  848
256  891
256  906
256  913
256  983
256  997
257  66
257  412
257  508
257  803
257  822
257  859
257  873
257  878
257  903
257  907
257  924
257  940
257  949
257  953
257  964
257  999
258  775
258  821
258  847
258  880
258  893
258  899
258  923
258  934
258  975
259  64
259  250
259  379
259  458
259  490
259  534
259  543
259  709
259  772
259  824
259  825
259  827
259  830
259  866
259  900
259  921
259  937
259  941
259  943
259  945
259  956
259  980
259  982
260  21
260  38
260  76
260  135
260  238
260  243
260  429
260  459
260  581
260  834
260  840
260  850
260  867
260  874
260  881
260  894
260  896
260  939
260  952
260  955
260  967
260  986
261  9
261  46
261  80
261  110
261  150
261  152
261  228
261  322
261  594
261  614
261  738
261  788
261  814
261  817
261  846
261  876
261  888
261  930
261  963
262  0
262  30
262  158
262  308
262  353
262  382
262  485
262  514
262  580
262  856
262  905
262  950
262  994
263  20
263  42
263  151
263  164
263  209
263  221
263  395
263  403
263  427
263  450
263  512
263  575
263  579
263  698
263  784
263  835
263  852
263  878
263  895
263  912
263  916
263  929
263  944
263  951
263  966
263  984
264  75
264  91
264  97
264  128
264  232
264  247
264  255
264  373
264  423
264  446
264  590
264  599
264  623
264  767
264  802
264  808
264  820
264  828
264  829
264  832
264  860
264  862
264  959
265  169
265  184
265  259
265  340
265  393
265  454
265  502
265  552
265  570
265  600
265  759
265  814
265  853
265  855
265  870
265  887
265  897
265  908
265  909
265  911
265  914
265  919
265  921
265  934
265  936
265  937
266  402
266  424
266  443
266  444
266  465
266  603
266  630
266  804
266  819
266  849
266  851
266  865
266  872
266  880
266  977
266  992
267  74
267  94
267  104
267  312
267  316
267  345
267  363
267  407
267  499
267  520
267  689
267  699
267  703
267  706
267  777
267  813
267  833
267  845
267  883
267  904
267  933
267  964
267  970
267  981
267  988
268  99
268  258
268  285
268  467
268  690
268  733
268  797
268  848
268  879
268  901
268  906
268  931
268  935
268  974
269  146
269  218
269  289
269  410
269  661
269  791
269  811
269  868
269  869
269  884
269  885
269  947
269  972
269  976
269  995
269  997
270  357
270  445
270  583
270  778
270  818
270  863
270  864
270  889
270  891
270  903
270  913
270  925
270  942
270  957
270  987
271  825
271  837
271  861
271  902
271  918
271  927
271  958
271  969
272  69
272  187
272  629
272  680
272  771
272  776
272  789
272  823
272  892
272  896
272  926
272  962
272  990
273  112
273  519
273  619
273  799
273  829
273  875
273  910
273  978
274  269
274  332
274  380
274  527
274  640
274  766
274  846
274  859
274  946
274  955
274  973
274  985
275  37
275  236
275  720
275  805
275  839
275  843
275  847
275  909
275  949
276  510
276  531
276  644
276  844
276  857
276  867
276  933
276  991
277  22
277  141
277  399
277  441
277  475
277  833
277  834
277  954
277  993
278  36
278  297
278  807
278  858
279  582
279  713
279  755
279  826
279  938
279  941
279  968
279  979
280  35
280  372
280  787
280  803
280  809
280  842
280  863
280  915
280  940
280  960
281  392
281  436
281  481
281  597
281  601
281  812
281  877
281  932
281  996
281  998
282  54
282  108
282  122
282  244
282  315
282  505
282  749
282  810
282  838
282  855
282  873
282  881
282  888
282  959
283  339
283  511
283  768
283  806
283  866
283  900
283  914
283  975
284  199
284  714
284  850
284  878
284  893
284  907
284  917
284  926
284  943
284  948
284  999
285  331
285  354
285  639
285  700
285  821
285  854
285  871
285  876
285  912
285  939
285  945
285  961
285  990
286  433
286  566
286  801
286  840
286  841
286  847
286  848
286  894
287  147
287  239
287  469
287  540
287  827
287  886
287  897
287  934
287  981
288  802
288  870
288  974
289  389
289  808
289  895
290  266
290  967
291  159
291  359
291  905
292  971
293  885
293  951
293  988
295  865
295  899
295  928
295  936
296  68
296  828
296  982
297  813
298  837
298  892
298  906
299  760
299  920
300  103
301  138
301  675
301  804
303  542
306  207
306  480
307  946
310  817
313  888
314  859
319  868
322  938
328  912
329  253
330  620
331  431
332  222
333  880
334  867
335  869
343  631
344  348
345  910
345  989
346  934
347  388
348  375
349  802
356  853
357  903
359  271
361  561
363  962
365  500
365  548
367  442
367  464
367  827
369  822
374  493
375  887
377  448
378  417
381  61
381  250
381  948
383  858
384  113
384  286
387  248
388  186
389  399
389  982
390  974
391  433
392  553
394  360
394  635
397  190
398  232
398  942
399  903
400  161
401  101
401  719
403  351
404  707
406  332
407  164
408  764
409  487
410  60
410  255
412  717
413  736
414  393
414  545
415  133
415  911
416  776
418  182
419  598
419  706
419  796
420  352
420  450
422  96
423  116
423  949
424  317
425  339
426  451
426  693
426  840
427  400
428  130
428  550
429  658
430  31
430  126
430  922
432  13
432  423
433  247
433  607
433  676
433  962
434  238
435  749
436  312
436  557
437  321
437  680
438  740
438  915
440  287
440  519
441  251
441  503
441  876
442  114
442  221
442  900
443  5
443  86
443  718
443  832
444  488
444  793
445  272
446  197
447  15
447  236
447  801
447  826
448  241
448  432
449  141
449  195
449  216
449  530
450  362
450  751
450  886
451  28
451  481
451  798
452  94
452  512
452  835
453  157
453  228
453  615
454  337
455  311
455  526
455  611
455  750
456  149
456  525
456  533
456  716
456  976
457  29
457  328
457  371
457  757
458  153
458  296
458  298
458  333
459  2
459  184
459  662
459  866
460  42
460  84
460  295
460  305
460  361
460  642
460  917
460  933
460  993
461  33
461  511
461  799
461  847
461  849
462  83
462  203
462  245
462  336
463  132
463  188
463  289
463  464
463  468
463  507
463  544
463  555
463  650
463  668
463  669
463  860
464  160
464  214
464  222
464  381
464  447
464  474
464  610
464  859
464  883
464  967
465  264
465  392
465  480
465  659
465  901
465  908
465  964
466  19
466  70
466  93
466  176
466  242
466  795
466  813
466  825
466  846
466  865
466  881
466  887
466  927
467  66
467  67
467  564
467  591
467  628
467  678
467  734
467  752
467  809
467  853
467  977
468  76
468  209
468  509
468  560
468  623
468  692
468  845
468  876
468  942
468  957
468  973
469  325
469  513
469  597
469  711
469  715
469  817
469  827
469  836
469  838
469  840
469  850
469  907
469  915
469  922
469  988
470  26
470  162
470  175
470  211
470  476
470  753
470  843
470  987
471  257
471  363
471  395
471  397
471  455
471  627
471  687
471  805
471  822
471  834
471  906
471  920
471  928
471  931
471  979
471  983
471  984
472  154
472  237
472  246
472  300
472  347
472  490
472  492
472  524
472  660
472  681
472  807
472  873
472  875
472  939
472  951
472  958
473  82
473  174
473  307
473  340
473  380
473  405
473  699
473  815
473  890
473  953
473  968
473  992
474  10
474  293
474  356
474  647
474  652
474  832
474  861
474  862
474  886
474  892
474  895
474  897
474  945
474  948
474  955
474  971
474  998
475  177
475  741
475  748
475  794
475  800
475  818
475  821
475  889
475  912
475  960
475  980
476  0
476  389
476  390
476  702
476  762
476  801
476  826
476  855
476  880
476  896
476  902
476  904
476  921
476  923
476  947
476  952
476  975
477  75
477  301
477  812
477  819
477  857
477  882
477  903
477  925
477  934
477  990
478  383
478  417
478  766
478  804
478  828
478  837
478  848
478  851
478  894
478  900
478  932
478  978
479  22
479  91
479  245
479  727
479  802
479  839
479  854
479  871
479  883
479  996
480  233
480  404
480  852
480  867
480  878
480  930
480  940
480  961
480  962
480  994
481  48
481  128
481  335
481  409
481  558
481  784
481  811
481  831
481  833
481  858
481  865
481  866
481  927
481  937
481  941
481  950
481  982
482  156
482  304
482  500
482  722
482  843
482  863
482  905
482  911
482  944
482  969
482  970
482  981
482  985
483  74
483  396
483  440
483  695
483  733
483  738
483  807
483  830
483  890
483  893
483  954
483  974
484  849
484  899
484  913
484  929
484  956
484  959
484  965
484  972
484  997
485  51
485  259
485  283
485  336
485  601
485  822
485  891
485  919
485  957
485  966
486  46
486  343
486  621
486  649
486  737
486  806
486  847
486  879
486  885
486  918
486  993
487  56
487  428
487  828
487  921
487  924
487  986
488  358
488  379
488  554
488  723
488  803
488  833
488  859
488  916
488  942
488  995
489  63
489  119
489  372
489  472
489  568
489  810
489  842
489  868
489  869
489  877
489  910
490  83
490  165
490  194
490  605
490  726
490  946
490  948
490  955
490  964
490  999
491  120
491  234
491  499
491  644
491  651
491  663
491  769
491  778
491  782
491  788
491  824
491  909
491  943
492  17
492  122
492  248
492  370
492  446
492  542
492  629
492  728
492  818
492  873
493  108
493  208
493  229
493  316
493  626
493  797
493  820
493  977
493  988
494  38
494  135
494  152
494  269
494  384
494  415
494  731
494  848
495  32
495  137
495  198
495  243
495  267
495  271
495  290
495  314
495  344
495  443
495  470
495  505
495  567
495  712
495  714
495  787
495  813
495  917
495  958
496  23
496  90
496  151
496  168
496  170
496  249
496  268
496  288
496  303
496  496
496  561
496  562
496  582
496  600
496  608
496  765
496  826
496  838
496  860
497  7
497  16
497  45
497  106
497  145
497  173
497  375
497  401
497  419
497  459
497  498
497  504
497  590
497  746
497  768
497  835
497  840
497  874
497  931
497  984
498  105
498  118
498  302
498  421
498  439
498  522
498  576
498  604
498  758
498  774
498  808
498  841
498  886
498  916
498  922
498  949
498  990
499  50
499  68
499  144
499  148
499  191
499  407
499  451
499  537
499  538
499  595
499  596
499  634
499  670
499  694
499  735
499  779
499  862
499  884
499  925
499  983
500  25
500  81
500  124
500  127
500  134
500  185
500  251
500  262
500  276
500  353
500  376
500  411
500  569
500  603
500  655
500  743
500  775
500  853
500  887
500  940
500  975
500  979
500  980
500  989
501  24
501  44
501  49
501  61
501  102
501  129
501  163
501  183
501  204
501  224
501  250
501  292
501  327
501  374
501  442
501  528
501  529
501  540
501  556
501  606
501  622
501  672
501  674
501  677
501  689
501  701
501  721
501  744
501  767
501  802
501  817
501  827
501  901
501  912
501  933
501  953
501  968
501  969
501  976
501  985
501  992
502  1
502  21
502  65
502  107
502  139
502  275
502  285
502  342
502  359
502  365
502  444
502  508
502  535
502  559
502  566
502  586
502  587
502  593
502  654
502  661
502  691
502  777
502  815
502  837
502  875
502  881
502  913
502  929
502  959
502  960
502  962
502  963
502  973
503  35
503  109
503  111
503  252
503  263
503  282
503  299
503  341
503  427
503  429
503  449
503  531
503  547
503  550
503  633
503  656
503  704
503  772
503  780
503  801
503  805
503  823
503  829
503  834
503  836
503  849
503  870
503  878
503  879
503  920
503  935
504  87
504  125
504  150
504  171
504  223
504  227
504  240
504  308
504  346
504  355
504  385
504  425
504  467
504  516
504  551
504  589
504  625
504  636
504  736
504  811
504  855
504  866
504  867
504  896
504  924
504  982
504  998
505  67
505  187
505  418
505  434
505  438
505  475
505  544
505  580
505  583
505  599
505  705
505  725
505  730
505  810
505  873
505  883
505  889
505  892
505  903
505  907
505  923
505  926
505  928
505  936
505  942
505  944
505  945
505  988
506  12
506  71
506  89
506  181
506  324
506  333
506  334
506  352
506  517
506  693
506  807
506  814
506  816
506  820
506  821
506  839
506  888
506  891
506  905
506  906
506  919
506  930
506  939
506  948
506  950
506  952
506  981
506  986
506  999
507  86
507  138
507  225
507  339
507  394
507  445
507  641
507  648
507  666
507  673
507  685
507  697
507  803
507  804
507  832
507  845
507  847
507  861
507  864
507  880
507  882
507  884
507  890
507  893
507  912
507  934
507  937
507  938
507  943
507  947
507  951
507  996
507  997
508  4
508  8
508  39
508  43
508  55
508  94
508  123
508  142
508  189
508  420
508  573
508  618
508  742
508  786
508  800
508  806
508  809
508  812
508  822
508  825
508  831
508  843
508  844
508  846
508  857
508  858
508  859
508  885
508  895
508  941
508  956
508  964
508  995
509  79
509  116
509  140
509  206
509  215
509  413
509  635
509  657
509  682
509  763
509  796
509  802
509  828
509  851
509  854
509  863
509  868
509  869
509  899
509  900
509  904
509  908
509  946
509  959
509  965
509  974
509  984
509  990
510  18
510  34
510  196
510  410
510  412
510  485
510  491
510  571
510  817
510  830
510  850
510  856
510  865
510  875
510  876
510  910
510  913
510  914
510  915
510  921
510  922
510  931
510  961
510  966
510  970
510  971
510  980
511  347
511  575
511  581
511  592
511  640
511  645
511  801
511  826
511  871
511  892
511  897
511  927
511  969
511  972
511  978
511  994
512  78
512  97
512  136
512  147
512  199
512  310
512  683
512  696
512  703
512  724
512  747
512  808
512  813
512  841
512  898
512  911
512  917
512  918
512  933
512  955
512  986
513  36
513  53
513  64
513  274
513  280
513  382
513  482
513  570
513  584
513  588
513  612
513  833
513  844
513  860
513  909
513  916
513  942
513  960
513  989
513  993
514  31
514  37
514  52
514  164
514  174
514  182
514  217
514  221
514  322
514  368
514  383
514  406
514  458
514  526
514  536
514  549
514  679
514  815
514  816
514  818
514  819
514  823
514  827
514  829
514  834
514  861
514  886
514  888
514  902
514  921
514  929
514  932
514  954
514  979
514  983
514  985
514  987
514  988
514  991
515  46
515  47
515  73
515  88
515  104
515  201
515  218
515  239
515  260
515  378
515  393
515  469
515  523
515  686
515  706
515  739
515  837
515  839
515  848
515  852
515  881
515  894
515  906
515  907
515  923
515  934
515  953
515  963
515  967
515  995
516  135
516  167
516  230
516  254
516  266
516  269
516  270
516  291
516  326
516  386
516  388
516  453
516  462
516  509
516  545
516  552
516  602
516  741
516  781
516  828
516  835
516  850
516  853
516  867
516  872
516  878
516  896
516  919
516  930
516  940
516  945
516  947
516  964
517  28
517  38
517  158
517  321
517  448
517  454
517  474
517  501
517  563
517  594
517  598
517  785
517  804
517  805
517  833
517  836
517  840
517  849
517  870
517  873
517  883
517  887
517  897
517  905
517  920
517  925
517  938
517  941
517  955
517  957
517  975
517  982
517  992
518  20
518  33
518  110
518  137
518  146
518  313
518  461
518  541
518  609
518  611
518  695
518  755
518  756
518  791
518  811
518  824
518  838
518  842
518  854
518  855
518  862
518  865
518  879
518  903
518  904
518  914
518  931
518  939
518  949
518  952
518  968
518  977
518  984
519  22
519  178
519  287
519  392
519  483
519  619
519  642
519  800
519  829
519  830
519  831
519  868
519  872
519  877
519  901
519  912
519  946
519  950
519  958
519  966
519  974
519  998
520  59
520  93
520  128
520  253
520  319
520  424
520  436
520  456
520  514
520  757
520  802
520  827
520  866
520  889
520  900
520  935
520  936
520  948
520  989
520  996
521  44
521  114
521  210
521  264
521  298
521  465
521  495
521  555
521  615
521  745
521  759
521  806
521  821
521  828
521  841
521  864
521  895
521  922
521  924
521  932
521  956
521  961
521  962
521  980
521  981
522  179
522  259
522  417
522  431
522  460
522  613
522  614
522  655
522  658
522  665
522  675
522  708
522  711
522  717
522  719
522  766
522  773
522  803
522  847
522  882
522  906
522  915
522  927
522  928
522  939
522  953
522  973
522  979
523  85
523  169
523  190
523  212
523  213
523  246
523  255
523  295
523  360
523  441
523  463
523  468
523  624
523  671
523  801
523  822
523  853
523  863
523  874
523  891
523  937
523  971
523  982
524  121
524  366
524  503
524  720
524  789
524  813
524  852
524  884
524  894
524  903
524  943
524  951
524  994
525  21
525  41
525  54
525  131
525  296
525  309
525  318
525  389
525  395
525  403
525  513
525  579
525  632
525  643
525  685
525  688
525  837
525  844
525  892
525  904
525  910
525  926
525  962
525  963
525  972
525  999
526  122
526  130
526  133
526  182
526  195
526  238
526  240
526  261
526  277
526  297
526  369
526  423
526  450
526  479
526  490
526  493
526  502
526  512
526  572
526  649
526  692
526  698
526  729
526  776
526  811
526  812
526  825
526  828
526  835
526  876
526  878
526  938
526  942
526  944
526  965
527  29
527  30
527  40
527  48
527  98
527  197
527  226
527  306
527  336
527  354
527  387
527  481
527  510
527  520
527  533
527  565
527  578
527  727
527  792
527  798
527  818
527  843
527  886
527  911
527  918
527  933
527  967
527  997
528  2
528  5
528  10
528  15
528  108
528  126
528  141
528  149
528  307
528  337
528  348
528  382
528  397
528  399
528  442
528  466
528  473
528  486
528  519
528  553
528  803
528  871
528  881
528  885
528  912
528  923
528  925
528  953
528  976
528  991
528  993
528  999
529  11
529  166
529  188
529  192
529  194
529  216
529  273
529  290
529  349
529  380
529  405
529  415
529  496
529  506
529  559
529  560
529  653
529  732
529  771
529  807
529  809
529  817
529  824
529  838
529  841
529  880
529  899
529  978
529  983
529  987
530  42
530  117
530  160
530  161
530  203
530  209
530  219
530  232
530  278
530  285
530  377
530  402
530  521
530  707
530  718
530  750
530  784
530  790
530  795
530  826
530  832
530  836
530  857
530  867
530  868
530  893
530  917
530  934
530  958
530  966
530  992
531  77
531  154
531  186
531  250
531  258
531  294
531  299
531  301
531  329
531  338
531  361
531  367
531  475
531  484
531  489
531  511
531  534
531  541
531  546
531  617
531  820
531  845
531  853
531  855
531  879
531  920
531  950
531  960
531  969
531  977
532  69
532  205
532  220
532  235
532  350
532  408
532  539
532  574
532  700
532  733
532  746
532  800
532  833
532  856
532  861
532  865
532  866
532  887
532  902
532  913
532  919
532  946
532  947
532  954
532  968
532  997
533  62
533  200
533  224
533  257
533  272
533  304
533  356
533  416
533  448
533  476
533  487
533  623
533  693
533  709
533  740
533  804
533  810
533  814
533  850
533  860
533  875
533  888
533  897
533  904
533  905
533  909
533  941
533  956
533  957
533  964
533  975
533  995
534  7
534  67
534  99
534  103
534  127
534  242
534  247
534  300
534  331
534  426
534  452
534  558
534  599
534  630
534  664
534  667
534  749
534  764
534  819
534  829
534  831
534  846
534  851
534  921
534  928
534  935
534  945
534  959
534  961
534  973
534  979
534  985
535  58
535  157
535  214
535  281
535  472
535  504
535  543
535  637
535  668
535  801
535  805
535  807
535  845
535  847
535  858
535  859
535  869
535  870
535  890
535  900
535  908
535  940
535  943
535  962
535  965
535  970
535  982
535  988
535  990
536  60
536  80
536  112
536  155
536  172
536  177
536  185
536  283
536  364
536  447
536  646
536  683
536  684
536  687
536  690
536  744
536  778
536  806
536  817
536  823
536  825
536  827
536  834
536  842
536  844
536  854
536  863
536  865
536  883
536  914
536  925
536  929
536  937
536  955
537  3
537  9
537  19
537  323
537  340
537  374
537  547
537  607
537  644
537  745
537  770
537  809
537  828
537  848
537  882
537  884
537  895
537  896
537  910
537  924
537  927
537  931
537  944
537  954
537  963
537  984
537  998
538  153
538  156
538  525
538  593
538  603
538  647
538  702
538  715
538  751
538  802
538  811
538  815
538  826
538  835
538  862
538  872
538  886
538  892
538  911
538  912
538  917
538  926
538  930
538  953
538  960
538  973
538  986
538  989
539  95
539  288
539  585
539  809
539  810
539  813
539  821
539  822
539  839
539  843
539  849
539  873
539  897
539  901
539  903
539  938
539  942
539  952
539  995
540  0
540  132
540  139
540  183
540  321
540  564
540  827
540  841
540  855
540  875
540  877
540  878
540  923
540  936
540  957
540  996
541  207
541  491
541  669
541  676
541  713
541  802
541  808
541  860
541  876
541  898
541  907
541  949
541  974
541  981
541  991
542  72
542  82
542  236
542  248
542  324
542  352
542  457
542  494
542  500
542  675
542  752
542  830
542  887
542  891
542  902
542  906
542  939
542  972
542  977
543  162
543  265
543  293
543  391
543  437
543  440
543  505
543  517
543  557
543  710
543  734
543  753
543  763
543  816
543  831
543  837
543  840
543  843
543  853
543  856
543  868
543  871
543  884
543  900
543  918
543  934
543  956
543  971
543  980
544  64
544  111
544  320
544  451
544  471
544  497
544  584
544  620
544  638
544  639
544  662
544  716
544  800
544  801
544  851
544  858
544  861
544  863
544  874
544  889
544  915
544  940
544  943
544  945
545  105
545  196
545  237
545  314
545  492
545  577
545  737
545  774
545  789
545  819
545  852
545  864
545  867
545  883
545  888
545  922
545  932
545  959
545  966
545  990
545  993
546  78
546  148
546  208
546  262
546  367
546  371
546  435
546  486
546  586
546  754
546  817
546  841
546  849
546  854
546  869
546  913
546  933
546  941
546  994
547  76
547  120
547  145
547  191
547  203
547  343
547  379
547  413
547  430
547  499
547  524
547  537
547  699
547  828
547  846
547  859
547  880
547  925
547  937
547  958
547  969
547  976
547  998
547  999
548  74
548  91
548  279
548  344
548  362
548  370
548  386
548  414
548  589
548  619
548  661
548  807
548  812
548  838
548  894
548  967
548  979
549  45
549  46
549  115
549  199
549  305
549  425
549  459
549  518
549  567
549  802
549  803
549  811
549  816
549  825
549  832
549  881
549  912
549  916
549  930
549  951
550  51
550  176
550  282
550  311
550  332
550  388
550  403
550  409
550  412
550  502
550  760
550  791
550  805
550  890
550  891
550  892
550  910
550  935
550  939
550  957
550  970
551  17
551  66
551  184
551  243
551  267
551  276
551  315
551  346
551  390
551  396
551  427
551  464
551  561
551  568
551  721
551  726
551  815
551  824
551  845
551  865
551  895
551  904
551  920
551  921
551  929
551  948
551  956
551  964
552  1
552  56
552  92
552  163
552  330
552  400
552  608
552  735
552  769
552  783
552  820
552  848
552  862
552  875
552  896
552  897
552  942
552  947
552  955
552  968
553  94
553  180
553  244
553  249
553  353
553  355
553  434
553  444
553  466
553  530
553  606
553  673
553  712
553  766
553  823
553  860
553  869
553  886
553  893
553  917
553  919
553  973
553  976
553  988
553  992
554  96
554  140
554  421
554  455
554  545
554  571
554  591
554  629
554  711
554  728
554  804
554  810
554  829
554  833
554  836
554  857
554  866
554  871
554  899
554  901
554  922
554  944
554  965
555  89
555  202
555  256
555  345
555  654
555  659
555  678
555  806
555  813
555  851
555  874
555  932
555  977
555  979
555  987
556  168
556  193
556  271
556  303
556  723
556  767
556  807
556  818
556  844
556  847
556  850
556  863
556  872
556  908
556  918
556  961
556  969
556  972
556  995
557  49
557  85
557  538
557  730
557  835
557  842
557  852
557  889
557  915
557  926
557  934
557  946
557  975
557  983
557  986
558  799
558  802
558  834
558  940
558  962
558  978
558  981
558  989
558  993
559  245
559  722
559  822
559  827
559  830
559  840
559  882
559  887
559  890
559  933
559  954
559  971
560  150
560  159
560  241
560  363
560  422
560  465
560  624
560  820
560  837
560  885
560  899
560  905
560  911
560  919
560  924
560  948
560  952
560  958
560  963
560  984
560  985
560  990
560  997
561  152
561  365
561  480
561  569
561  645
561  818
561  833
561  920
561  999
562  747
562  768
562  828
562  884
562  894
562  931
562  953
563  84
563  839
563  876
563  902
563  937
563  959
563  996
564  97
564  821
564  826
564  878
564  880
565  385
565  548
565  824
565  877
565  903
565  906
565  909
565  988
566  30
566  221
566  222
566  227
566  410
566  433
566  597
566  782
566  847
566  856
566  897
566  900
566  927
566  949
566  955
567  2
567  70
567  114
567  307
567  335
567  453
567  595
567  758
567  777
567  814
567  939
567  945
567  947
567  960
568  52
568  101
568  232
568  269
568  342
568  460
568  650
568  801
568  803
568  817
568  837
568  881
568  942
568  950
568  966
568  974
568  991
568  998
569  384
569  531
569  725
569  831
569  845
569  855
569  879
569  886
570  8
570  793
570  862
570  865
570  893
570  907
570  923
570  930
570  935
571  284
571  540
571  788
571  857
571  982
572  143
572  535
572  672
572  809
572  829
572  838
572  841
572  870
572  917
572  994
573  428
573  441
573  736
573  867
573  896
573  925
573  997
574  6
574  432
574  614
574  964
575  440
575  827
575  836
575  888
575  987
576  138
576  446
576  681
576  780
576  854
576  866
576  965
576  972
576  979
577  171
577  781
577  800
577  853
578  941
578  995
579  467
579  600
579  875
579  912
580  811
580  869
581  622
581  843
582  360
582  372
582  651
582  938
583  4
583  373
583  892
584  378
584  576
584  641
584  838
585  181
585  748
585  775
586  419
586  970
587  189
587  351
587  627
587  850
587  914
588  27
588  532
588  826
589  549
589  926
589  951
589  976
590  674
590  741
591  915
592  14
592  596
593  71
593  215
593  404
594  231
594  815
594  961
594  975
596  962
598  109
599  59
600  347
600  921
601  565
602  680
603  541
604  289
604  628
604  972
605  808
605  862
606  310
606  903
608  971
610  986
612  920
614  842
616  729
617  966
625  28
626  841
628  510
632  129
634  657
635  479
637  147
637  270
639  919
644  714
646  368
646  942
648  841
649  935
650  216
652  739
654  293
654  785
655  806
656  79
656  311
658  527
660  838
660  926
662  819
664  845
665  499
666  528
666  682
668  260
669  573
669  613
671  226
672  242
672  433
674  18
675  101
676  195
676  963
678  519
679  917
680  343
682  152
682  615
683  952
684  448
685  402
687  262
688  760
689  610
692  378
692  707
692  844
693  315
693  500
695  1
697  91
698  455
700  449
701  104
701  628
702  318
703  54
703  550
704  271
704  670
706  243
707  266
707  602
708  411
710  130
711  589
711  745
713  306
713  600
714  734
714  834
715  723
716  0
716  977
718  652
718  677
718  926
722  420
722  440
722  554
723  32
724  397
724  438
724  638
725  679
727  333
727  536
727  918
729  294
729  779
730  560
730  937
731  296
732  36
732  269
733  37
733  387
733  648
734  897
735  548
735  720
736  337
737  171
737  277
737  877
739  611
739  784
739  906
740  282
740  690
741  12
741  614
743  89
743  163
744  275
745  46
745  129
745  205
745  347
746  61
746  405
746  917
747  118
747  533
747  798
748  9
748  110
748  795
748  880
748  923
749  111
749  310
749  348
749  377
750  90
750  142
750  149
751  103
751  238
751  278
751  787
752  125
752  280
752  324
752  406
752  427
753  222
753  521
753  544
753  576
754  235
754  403
754  443
754  972
755  475
755  668
756  71
756  116
756  413
756  492
756  859
756  982
757  20
757  150
757  191
757  482
757  738
757  878
758  218
758  343
758  424
758  445
758  522
758  598
758  735
758  751
758  770
758  825
758  883
758  901
758  903
759  45
759  494
759  629
759  712
759  778
760  498
760  528
760  547
760  609
760  714
760  776
760  824
760  865
760  900
760  952
760  988
761  388
761  488
761  595
761  647
761  681
761  756
761  827
761  882
761  916
761  962
762  98
762  290
762  366
762  371
762  426
762  643
762  686
762  733
762  799
762  817
762  867
763  57
763  88
763  154
763  192
763  561
763  649
763  674
763  789
763  938
764  85
764  112
764  224
764  364
764  380
764  384
764  410
764  485
764  651
764  860
764  935
764  979
765  141
765  161
765  274
765  442
765  581
765  587
765  724
765  801
765  802
765  925
765  926
765  973
765  985
766  169
766  246
766  350
766  393
766  545
766  713
766  753
766  767
766  794
766  911
766  964
767  96
767  303
767  345
767  354
767  381
767  450
767  584
767  642
767  655
767  676
767  768
767  800
767  845
767  849
767  863
767  874
767  923
767  929
767  954
767  955
767  995
767  996
768  43
768  107
768  396
768  444
768  473
768  513
768  577
768  704
768  705
768  708
768  740
768  808
768  809
768  811
768  819
768  822
768  855
768  861
768  933
768  937
769  17
769  140
769  217
769  339
769  466
769  467
769  493
769  509
769  601
769  610
769  612
769  630
769  806
769  831
769  833
769  842
769  846
769  862
769  918
769  940
769  974
769  986
770  233
770  234
770  237
770  245
770  279
770  335
770  346
770  399
770  435
770  451
770  508
770  763
770  783
770  888
770  891
770  904
770  912
770  919
770  931
770  950
770  956
770  981
770  990
770  991
771  44
771  340
771  415
771  461
771  604
771  634
771  717
771  737
771  815
771  818
771  826
771  828
771  840
771  853
771  871
771  884
771  915
771  925
771  944
771  971
772  326
772  355
772  397
772  539
772  834
772  843
772  866
772  875
772  879
772  881
772  890
772  895
772  898
772  924
772  960
772  965
772  966
773  128
773  223
773  239
773  593
773  667
773  703
773  803
773  821
773  835
773  838
773  848
773  859
773  893
773  896
773  968
774  203
774  529
774  728
774  739
774  766
774  837
774  844
774  850
774  876
774  885
774  887
774  889
774  928
774  941
774  942
774  953
774  957
774  987
775  214
775  257
775  258
775  297
775  464
775  619
775  769
775  823
775  832
775  839
775  870
775  873
775  894
775  902
775  907
775  913
775  922
775  934
775  945
775  958
775  969
775  970
776  250
776  505
776  695
776  836
776  877
776  886
776  897
776  921
776  936
776  967
776  972
777  5
777  272
777  425
777  566
777  685
777  711
777  773
777  814
777  822
777  872
777  908
777  910
777  920
777  927
777  939
777  943
777  959
777  984
777  997
778  113
778  313
778  812
778  847
778  854
778  892
778  916
778  932
778  951
778  982
778  998
778  999
779  543
779  730
779  747
779  820
779  856
779  903
779  909
780  175
780  227
780  260
780  468
780  558
780  563
780  613
780  757
780  865
780  868
780  905
780  914
780  983
781  209
781  252
781  538
781  588
781  804
781  830
781  862
781  880
781  924
781  938
781  964
781  987
781  992
781  994
782  7
782  210
782  288
782  289
782  336
782  555
782  695
782  813
782  861
782  947
782  975
783  60
783  74
783  102
783  298
783  476
783  491
783  506
783  606
783  618
783  664
783  797
783  802
783  851
783  869
783  901
783  954
783  995
784  38
784  41
784  45
784  94
784  178
784  254
784  365
784  374
784  499
784  523
784  549
784  608
784  677
784  727
784  800
784  808
784  829
784  858
784  866
784  867
784  891
784  930
784  948
784  980
784  989
785  58
785  67
785  72
785  136
785  146
785  176
785  267
785  337
785  395
785  401
785  417
785  540
785  580
785  583
785  653
785  719
785  786
785  817
785  841
785  852
785  899
785  917
785  926
785  935
785  952
785  962
785  963
786  39
786  240
786  276
786  281
786  283
786  382
786  452
786  477
786  516
786  525
786  551
786  560
786  589
786  691
786  699
786  811
786  860
786  882
786  961
786  977
786  988
786  996
787  49
787  65
787  177
787  194
787  211
787  305
787  321
787  390
787  405
787  438
787  460
787  512
787  572
787  574
787  640
787  697
787  816
787  864
787  919
787  925
787  929
787  934
788  16
788  75
788  114
788  122
788  162
788  208
788  216
788  526
788  696
788  698
788  831
788  878
788  950
788  956
788  985
789  2
789  34
789  97
789  147
789  151
789  213
789  307
789  344
789  367
789  389
789  423
789  537
789  615
789  633
789  636
789  725
789  746
789  810
789  820
789  842
789  844
789  863
789  874
789  883
789  906
789  945
789  973
789  979
790  59
790  99
790  121
790  168
790  172
790  185
790  220
790  360
790  375
790  383
790  409
790  437
790  479
790  502
790  503
790  504
790  594
790  600
790  805
790  807
790  815
790  819
790  827
790  911
790  942
790  965
790  986
791  19
791  21
791  33
791  73
791  106
791  135
791  352
791  453
791  518
791  562
791  569
791  632
791  635
791  722
791  731
791  734
791  736
791  791
791  845
791  855
791  900
791  932
791  940
791  943
791  957
791  974
791  975
791  990
792  0
792  29
792  31
792  68
792  199
792  286
792  402
792  541
792  556
792  568
792  570
792  582
792  599
792  644
792  669
792  774
792  828
792  832
792  881
792  885
792  887
792  890
792  907
792  955
792  966
792  969
792  978
792  993
793  26
793  50
793  70
793  81
793  126
793  144
793  145
793  166
793  247
793  302
793  304
793  308
793  330
793  432
793  440
793  446
793  462
793  535
793  565
793  603
793  612
793  624
793  702
793  777
793  784
793  813
793  826
793  836
793  848
793  870
793  905
793  920
793  927
793  937
793  982
793  989
794  8
794  78
794  139
794  349
794  356
794  361
794  490
794  641
794  761
794  837
794  888
794  894
794  895
795  93
795  125
795  132
795  133
795  221
795  517
795  687
795  741
795  749
795  824
795  825
795  834
795  835
795  840
795  843
795  853
795  859
795  875
795  903
795  923
795  930
795  942
795  946
795  960
795  983
796  25
796  159
796  183
796  187
796  195
796  458
796  564
796  638
796  675
796  762
796  803
796  833
796  846
796  858
796  861
796  869
796  884
796  901
796  914
796  962
796  981
796  991
796  998
797  153
797  173
797  186
797  228
797  269
797  285
797  300
797  376
797  567
797  622
797  796
797  798
797  801
797  821
797  838
797  847
797  852
797  870
797  871
797  877
797  879
797  883
797  909
797  931
797  933
797  941
797  997
798  1
798  13
798  22
798  111
798  223
798  224
798  296
798  416
798  431
798  449
798  474
798  605
798  616
798  617
798  672
798  764
798  802
798  804
798  805
798  818
798  830
798  839
798  854
798  862
798  919
798  949
798  966
798  971
798  994
799  314
799  379
799  394
799  421
799  701
799  771
799  775
799  809
799  823
799  864
799  873
799  893
799  915
799  922
799  938
799  939
799  950
799  959
799  970
799  976
799  984
800  47
800  124
800  156
800  190
800  280
800  295
800  301
800  347
800  370
800  372
800  387
800  407
800  489
800  511
800  553
800  626
800  754
800  758
800  814
800  835
800  884
800  889
800  892
800  902
800  906
800  912
800  921
800  925
800  944
800  973
800  992
800  995
800  999
801  64
801  215
801  264
801  348
801  392
801  430
801  436
801  575
801  592
801  615
801  657
801  732
801  807
801  812
801  863
801  876
801  881
801  904
801  918
801  928
801  947
801  965
801  968
801  974
801  977
801  978
802  15
802  134
802  168
802  197
802  266
802  353
802  359
802  441
802  684
802  692
802  693
802  704
802  718
802  802
802  806
802  840
802  851
802  868
802  880
802  908
802  910
802  913
802  943
802  945
802  953
802  964
802  972
802  980
803  12
803  22
803  24
803  95
803  100
803  248
803  259
803  309
803  319
803  391
803  496
803  509
803  573
803  716
803  743
803  811
803  817
803  828
803  829
803  841
803  842
803  867
803  874
803  896
803  916
803  924
803  929
803  941
803  948
803  952
803  955
803  963
804  28
804  42
804  103
804  155
804  212
804  236
804  287
804  292
804  344
804  418
804  534
804  800
804  833
804  844
804  850
804  863
804  878
804  897
804  899
804  907
804  932
804  933
804  934
804  958
804  997
805  48
805  108
805  149
805  152
805  230
805  243
805  270
805  290
805  322
805  327
805  329
805  422
805  559
805  681
805  809
805  834
805  845
805  859
805  875
805  891
805  893
805  900
805  903
805  917
805  940
805  987
805  996
806  91
806  196
806  250
806  334
806  413
806  415
806  459
806  621
806  650
806  676
806  683
806  717
806  788
806  808
806  810
806  816
806  822
806  826
806  849
806  857
806  861
806  865
806  872
806  882
806  886
806  898
806  945
806  946
806  963
806  982
806  984
806  985
807  160
807  202
807  293
807  336
807  497
807  744
807  748
807  879
807  906
807  919
807  927
807  936
807  951
807  956
807  977
807  979
807  988
807  999
808  52
808  66
808  164
808  366
808  465
808  467
808  495
808  590
808  838
808  839
808  843
808  866
808  878
808  901
808  909
808  911
808  954
808  973
809  5
809  108
809  283
809  447
809  524
809  534
809  639
809  643
809  660
809  752
809  819
809  860
809  881
809  886
809  895
809  934
809  937
809  938
809  942
809  957
809  971
810  30
810  158
810  182
810  282
810  332
810  369
810  386
810  404
810  457
810  556
810  562
810  609
810  623
810  654
810  659
810  665
810  670
810  730
810  781
810  813
810  814
810  825
810  829
810  856
810  884
810  915
810  960
810  962
810  983
811  61
811  84
811  209
811  317
811  423
811  642
811  804
811  815
811  828
811  837
811  858
811  876
811  887
811  905
811  930
811  959
811  970
811  972
812  3
812  17
812  32
812  37
812  58
812  63
812  161
812  206
812  263
812  393
812  420
812  434
812  461
812  536
812  579
812  627
812  647
812  688
812  753
812  803
812  820
812  827
812  836
812  848
812  849
812  852
812  853
812  874
812  888
812  890
812  926
812  944
812  954
812  961
812  965
812  966
812  980
812  990
812  991
812  993
813  87
813  115
813  275
813  419
813  445
813  471
813  700
813  755
813  808
813  845
813  862
813  870
813  883
813  904
813  914
813  925
813  964
813  975
813  992
814  56
814  121
814  148
814  198
814  203
814  219
814  285
814  316
814  370
814  427
814  429
814  703
814  729
814  738
814  801
814  802
814  805
814  842
814  897
814  939
815  11
815  27
815  77
815  82
815  150
815  154
815  191
815  231
815  271
815  549
815  578
815  591
815  690
815  723
815  760
815  804
815  821
815  826
815  873
815  912
815  913
815  917
815  935
815  967
815  987
815  995
816  257
816  273
816  320
816  443
816  455
816  507
816  625
816  655
816  706
816  817
816  866
816  922
816  936
816  953
816  955
816  968
816  989
816  998
817  10
817  53
817  90
817  116
817  138
817  200
817  249
817  324
817  385
817  397
817  398
817  480
817  510
817  645
817  802
817  807
817  824
817  850
817  864
817  869
817  916
817  918
817  928
817  942
817  956
817  969
818  177
818  242
818  246
818  256
818  277
818  318
818  325
818  331
818  333
818  532
818  554
818  555
818  673
818  712
818  790
818  811
818  812
818  829
818  830
818  851
818  854
818  865
818  898
818  990
819  8
819  120
819  123
819  221
819  281
819  363
819  486
819  528
819  646
819  709
819  739
819  759
819  814
819  831
819  863
819  920
819  923
819  952
819  979
819  985
820  62
820  79
820  85
820  129
820  144
820  174
820  188
820  189
820  201
820  207
820  217
820  232
820  253
820  310
820  311
820  341
820  342
820  607
820  630
820  648
820  669
820  684
820  772
820  808
820  835
820  840
820  867
820  926
820  943
820  984
821  104
821  105
821  109
821  255
821  269
821  345
821  358
821  505
821  658
821  679
821  735
821  822
821  823
821  833
821  859
821  868
821  880
821  895
821  896
821  910
821  911
821  932
821  958
821  973
821  982
822  51
822  112
822  127
822  157
822  179
822  180
822  181
822  240
822  296
822  298
822  662
822  663
822  698
822  707
822  773
822  779
822  819
822  854
822  855
822  877
822  885
822  892
822  893
822  941
822  947
822  951
822  962
822  981
822  986
822  988
822  997
823  6
823  19
823  57
823  117
823  131
823  237
823  364
823  439
823  448
823  494
823  540
823  614
823  656
823  666
823  668
823  721
823  722
823  745
823  832
823  834
823  837
823  838
823  841
823  846
823  847
823  860
823  875
823  900
823  901
823  905
823  924
823  948
823  963
823  978
823  996
824  83
824  184
824  244
824  469
824  481
824  629
824  634
824  689
824  694
824  710
824  769
824  807
824  825
824  852
824  861
824  884
824  903
824  921
824  925
824  931
824  934
824  944
824  967
824  994
824  999
825  31
825  38
825  137
825  229
825  335
825  380
825  468
825  472
825  491
825  513
825  596
825  726
825  809
825  810
825  818
825  833
825  857
825  862
825  887
825  894
825  929
825  937
825  959
826  74
826  170
826  392
826  463
826  473
826  482
826  501
826  527
826  544
826  602
826  695
826  800
826  848
826  886
826  915
826  933
826  940
826  953
826  969
826  976
826  991
827  110
827  167
827  251
827  456
827  521
827  858
827  872
827  876
827  889
827  902
827  916
827  922
827  964
827  977
828  4
828  76
828  299
828  733
828  801
828  803
828  813
828  821
828  832
828  843
828  874
828  891
828  906
828  908
828  943
828  946
828  950
828  957
828  960
828  971
829  21
829  35
829  86
829  371
829  412
829  424
829  483
829  547
829  597
829  628
829  750
829  816
829  824
829  826
829  828
829  830
829  871
829  879
829  899
829  921
829  935
829  940
829  986
830  136
830  147
830  368
830  378
830  384
830  428
830  485
830  495
830  508
830  538
830  586
830  625
830  734
830  805
830  870
830  878
830  896
830  904
830  993
831  205
831  282
831  306
831  323
831  403
831  557
831  583
831  767
831  806
831  827
831  850
831  867
831  881
831  888
831  927
831  934
831  936
831  956
831  958
831  961
831  975
831  992
832  2
832  39
832  46
832  194
832  212
832  228
832  262
832  292
832  351
832  396
832  619
832  640
832  714
832  782
832  804
832  808
832  817
832  820
832  836
832  845
832  847
832  853
832  890
832  906
832  912
832  972
832  974
832  995
833  55
833  151
833  187
833  321
833  402
833  567
833  754
833  780
833  849
833  877
833  891
833  894
833  919
833  920
833  923
833  951
833  953
833  959
833  990
834  122
834  241
834  313
834  515
834  649
834  667
834  840
834  856
834  902
834  903
834  909
834  933
834  938
834  941
834  942
835  119
835  234
835  267
835  305
835  312
835  373
835  520
835  661
835  680
835  815
835  822
835  837
835  844
835  861
835  875
835  907
835  913
835  945
835  947
835  977
835  982
835  998
836  135
836  160
836  220
836  284
836  652
836  727
836  737
836  810
836  811
836  814
836  829
836  838
836  884
836  930
836  984
836  987
836  989
837  114
837  201
837  215
837  265
837  388
837  400
837  410
837  442
837  671
837  672
837  793
837  823
837  839
837  851
837  865
837  866
837  868
837  893
837  914
837  918
837  954
837  983
837  985
837  997
838  133
838  140
838  500
838  576
838  608
838  708
838  789
838  796
838  802
838  826
838  846
838  939
838  965
838  970
839  9
839  163
839  216
839  268
839  470
839  601
839  622
839  719
839  763
839  784
839  835
839  883
839  905
839  921
839  948
839  955
839  962
839  963
839  996
840  214
840  245
840  768
840  803
840  807
840  812
840  828
840  833
840  841
840  842
840  850
840  882
840  885
840  897
840  925
840  926
840  928
840  949
840  966
841  14
841  64
841  169
841  192
841  225
841  362
841  365
841  487
841  641
841  664
841  683
841  840
841  934
841  937
841  944
841  957
841  971
841  980
841  993
842  7
842  93
842  109
842  164
842  259
842  330
842  347
842  526
842  593
842  742
842  815
842  857
842  860
842  873
842  877
842  880
842  974
843  303
843  328
843  343
843  359
843  377
843  454
843  475
843  484
843  519
843  611
843  801
843  806
843  836
843  898
843  940
843  946
843  967
843  997
844  274
844  300
844  339
844  731
844  821
844  872
844  968
844  978
844  985
844  990
845  1
845  41
845  98
845  199
845  406
845  498
845  503
845  847
845  864
845  911
845  913
845  927
845  942
845  951
845  991
846  43
846  450
846  460
846  581
846  771
846  781
846  785
846  818
846  845
846  874
846  910
846  912
846  973
846  976
847  389
847  411
847  809
847  822
847  855
847  909
847  945
847  950
847  958
847  998
848  107
848  176
848  374
848  584
848  686
848  746
848  867
848  871
848  881
848  889
848  907
848  917
848  957
848  979
849  96
849  123
849  183
849  185
849  408
849  598
849  704
849  800
849  817
849  849
849  892
849  898
849  924
849  933
849  973
849  981
849  994
849  995
849  999
850  150
850  171
850  223
850  516
850  529
850  603
850  825
850  854
850  870
850  895
850  938
850  954
851  573
851  585
851  792
851  819
851  837
851  887
851  891
851  916
851  943
851  975
852  44
852  158
852  226
852  329
852  478
852  814
852  829
852  834
852  932
853  111
853  130
853  588
853  812
853  816
853  824
853  826
853  831
853  899
853  952
853  984
854  68
854  69
854  92
854  99
854  141
854  462
854  587
854  744
854  827
854  930
854  935
854  986
855  18
855  577
855  606
855  859
855  931
855  969
856  110
856  514
856  873
856  878
856  879
856  923
856  936
856  947
857  346
857  552
857  564
857  681
857  685
857  858
857  890
857  914
857  961
857  988
858  15
858  62
858  113
858  143
858  177
858  479
858  539
858  580
858  620
858  728
858  888
858  903
858  906
858  922
858  962
858  964
859  80
859  145
859  266
859  322
859  677
859  802
859  883
859  901
859  905
859  912
860  26
860  492
860  523
860  548
860  563
860  830
860  844
860  856
860  875
860  886
860  915
860  929
860  956
860  959
860  993
861  73
861  280
861  713
861  897
861  902
862  702
862  989
862  990
863  142
863  272
863  778
863  809
863  842
863  977
864  78
864  815
864  987
865  291
865  517
865  557
865  724
865  740
865  804
865  865
865  876
865  983
866  128
866  337
866  507
866  670
866  882
866  910
866  940
866  942
867  165
867  542
867  755
867  852
867  855
867  919
867  946
868  600
868  725
868  770
868  894
868  976
868  980
869  102
869  286
869  433
869  521
869  565
869  757
869  806
869  893
869  970
870  820
870  837
870  966
870  991
870  996
871  310
871  800
871  823
871  934
872  40
872  197
872  405
872  490
872  892
873  682
873  807
873  818
873  884
873  918
874  839
874  900
874  925
874  979
875  822
875  930
876  500
876  832
876  850
876  853
876  897
877  243
877  383
877  452
877  927
877  941
877  944
878  488
878  561
878  992
879  819
879  908
880  354
880  926
882  487
882  863
882  907
883  476
883  795
886  903
887  705
887  906
888  847
888  935
890  604
892  76
894  199
895  948
895  997
898  279
899  965
901  901
905  631
908  618
908  937
910  917
911  489
918  132
918  572
919  431
922  115
922  530
924  169
925  386
926  455
929  309
931  264
931  525
933  761
938  74
938  248
941  241
941  556
941  661
941  739
942  469
942  634
944  869
945  871
947  759
948  409
948  707
949  549
950  650
951  58
952  956
952  976
953  417
957  467
957  636
959  57
960  173
960  796
962  401
962  423
962  988
963  953
966  217
967  108
968  360
968  714
969  481
969  956
970  403
970  918
971  740
973  593
974  736
976  172
977  272
977  294
977  635
978  510
980  170
981  950
982  592
982  758
984  144
985  3
985  307
985  925
986  625
986  723
988  300
989  316
990  94
990  482
992  42
992  53
994  156
994  955
995  437
996  733
997  149
998  306
998  343
999  756
999  872
