0  833
0  837
0  847
0  864
0  876
0  884
0  898
0  905
0  922
0  943
0  947
0  975
0  984
0  985
0  990
1  406
1  758
1  801
1  810
1  813
1  839
1  843
1  852
1  870
1  889
1  916
1  924
1  955
1  969
1  989
2  291
2  305
2  656
2  824
2  827
2  846
2  851
2  858
2  873
2  888
2  917
2  925
2  934
2  953
2  974
2  977
2  991
3  270
3  876
3  877
3  911
3  918
3  920
3  945
3  968
3  983
3  997
4  820
4  821
4  857
4  859
4  860
4  897
4  936
4  965
4  999
5  525
5  754
5  805
5  849
5  856
5  906
5  927
5  941
5  976
6  49
6  256
6  624
6  816
6  841
6  848
6  882
6  890
6  895
6  909
6  954
6  973
6  986
6  998
7  831
7  835
7  836
7  914
7  939
8  25
8  303
8  637
8  807
8  812
8  858
8  862
8  868
8  872
8  900
8  928
8  935
8  944
9  86
9  116
9  180
9  235
9  823
9  825
9  886
9  892
9  899
9  907
9  912
9  932
9  938
9  991
10  508
10  519
10  819
10  866
10  901
10  926
10  933
11  198
11  289
11  420
11  439
11  573
11  763
11  803
11  816
11  981
11  992
11  995
12  813
12  867
12  894
13  23
13  35
13  39
13  300
13  486
13  497
13  827
13  832
13  834
13  990
13  994
14  125
14  401
14  603
14  631
14  775
14  809
14  875
14  960
14  980
15  130
15  137
15  148
15  251
15  712
15  727
15  786
15  861
15  884
15  904
15  905
15  950
15  959
16  490
16  668
16  687
16  781
16  843
16  887
16  893
16  965
17  121
17  240
17  485
17  720
17  733
17  765
17  845
17  903
17  949
17  951
17  953
18  27
18  225
18  342
18  385
18  529
18  688
18  829
18  885
18  889
18  896
18  908
18  962
19  131
19  297
19  390
19  539
19  577
19  666
19  756
19  816
19  842
19  916
19  918
19  923
19  997
20  356
20  498
20  528
20  613
20  869
20  877
20  931
20  946
20  947
20  982
21  115
21  446
21  850
21  930
21  958
21  971
22  4
22  328
22  398
22  527
22  611
22  807
22  851
22  961
22  978
22  996
23  247
23  292
23  511
23  546
23  696
23  800
23  874
24  122
24  257
24  681
24  788
24  806
24  811
24  901
24  964
24  970
24  984
25  124
25  149
25  188
25  335
25  368
25  535
25  804
25  805
25  810
25  828
25  844
25  857
25  913
25  942
25  969
25  993
26  312
26  315
26  388
26  477
26  636
26  661
26  847
26  849
26  902
26  911
26  922
26  926
26  928
26  941
26  948
26  979
27  120
27  129
27  210
27  246
27  534
27  630
27  746
27  825
27  832
27  864
27  915
27  921
27  956
27  957
27  989
28  58
28  88
28  96
28  156
28  426
28  441
28  553
28  707
28  768
28  780
28  814
28  815
28  826
28  841
28  848
28  854
28  855
28  870
28  879
28  880
28  883
28  894
28  950
29  206
29  283
29  286
29  616
29  748
29  803
29  812
29  821
29  840
29  877
29  886
29  888
29  909
29  917
29  933
29  943
29  985
30  99
30  262
30  318
30  377
30  505
30  801
30  824
30  881
31  332
31  582
31  658
31  822
31  830
31  838
31  865
31  935
31  938
31  940
31  944
31  999
32  701
32  802
32  813
32  816
32  849
32  853
32  861
32  868
32  907
32  910
32  923
32  931
32  954
32  968
32  990
33  41
33  253
33  554
33  738
33  808
33  820
33  837
33  869
33  889
33  893
33  914
33  955
33  964
33  967
33  983
33  986
33  995
34  30
34  147
34  350
34  370
34  819
34  841
34  842
34  856
34  895
34  896
34  901
34  904
34  906
34  924
34  932
34  942
34  960
34  974
34  984
34  985
34  991
35  16
35  280
35  431
35  499
35  578
35  826
35  873
35  905
35  937
35  963
35  987
35  998
36  598
36  816
36  827
36  831
36  859
36  871
36  877
36  884
36  891
36  929
36  934
37  418
37  697
37  809
37  843
37  858
37  897
37  898
37  920
37  925
37  930
37  939
37  945
37  961
37  971
37  976
37  989
38  219
38  815
38  848
38  850
38  882
38  887
38  890
38  927
38  943
38  958
39  316
39  410
39  825
39  829
39  835
39  839
39  845
39  863
39  884
39  918
40  107
40  325
40  621
40  800
40  823
40  836
40  847
40  876
40  878
40  894
40  949
40  952
41  504
41  660
41  828
41  842
41  852
41  859
41  898
41  907
41  916
41  922
41  953
41  960
41  983
41  990
42  18
42  551
42  561
42  844
42  846
42  866
42  879
42  900
42  946
42  959
42  972
42  975
42  992
42  995
42  997
43  512
43  600
43  766
43  818
43  891
43  915
43  936
44  395
44  483
44  745
44  849
44  872
44  897
44  912
44  951
44  956
44  957
44  973
44  991
44  994
45  205
45  779
45  802
45  978
45  986
46  53
46  218
46  874
46  880
46  899
46  965
46  968
47  408
47  909
47  970
48  72
48  141
48  159
48  238
48  421
48  467
48  468
48  643
48  675
48  717
49  199
49  568
49  728
49  734
49  771
49  857
49  881
49  892
49  933
49  941
49  942
49  979
49  981
50  60
50  167
50  259
50  364
50  492
50  549
50  698
50  773
50  806
50  833
50  854
50  913
50  921
51  173
51  222
51  324
51  449
51  550
51  811
51  851
51  887
51  895
51  926
52  13
52  24
52  36
52  414
52  430
52  487
52  500
52  566
52  629
52  797
52  800
52  823
52  837
52  893
53  234
53  369
53  514
53  538
53  608
53  777
53  836
53  855
53  911
53  934
53  982
53  989
54  94
54  330
54  737
54  803
54  885
54  886
54  889
54  898
54  908
54  931
54  955
54  962
54  998
55  74
55  89
55  164
55  307
55  606
55  709
55  725
55  732
55  808
55  852
55  873
55  917
55  996
56  11
56  202
56  382
56  475
56  741
56  801
56  804
56  807
56  819
56  846
56  858
56  865
56  867
56  871
56  875
56  906
56  977
57  5
57  84
57  217
57  346
57  466
57  484
57  785
57  820
57  850
57  884
57  927
57  932
57  973
57  978
58  273
58  338
58  432
58  651
58  684
58  754
58  814
58  821
58  824
58  831
58  861
58  870
58  901
58  923
58  930
58  946
58  948
58  967
59  106
59  249
59  638
59  826
59  830
59  854
59  883
59  909
59  920
59  928
59  937
59  952
59  974
59  997
60  226
60  354
60  596
60  642
60  845
60  868
60  878
60  888
60  919
60  954
60  961
60  968
60  975
61  501
61  726
61  812
61  841
61  904
61  938
61  976
62  100
62  127
62  189
62  213
62  402
62  474
62  679
62  683
62  730
62  802
62  817
62  827
62  857
62  860
62  905
62  925
62  935
62  945
62  950
62  958
62  963
62  985
62  994
62  999
63  223
63  557
63  839
63  842
63  858
63  863
63  869
63  881
63  892
63  902
63  940
63  947
63  962
63  971
63  977
63  980
64  321
64  412
64  584
64  757
64  833
64  838
64  847
64  896
64  912
64  951
64  964
64  983
64  990
64  992
65  333
65  815
65  816
65  849
65  856
65  862
65  879
65  929
65  939
65  943
65  982
65  993
66  659
66  761
66  832
66  861
66  875
66  897
66  914
66  933
66  966
66  984
66  987
66  988
66  989
67  98
67  162
67  366
67  392
67  493
67  537
67  739
67  800
67  805
67  810
67  822
67  848
67  859
67  957
67  997
68  363
68  458
68  478
68  853
68  889
68  899
68  900
68  916
68  943
68  975
68  991
68  995
69  37
69  828
69  850
69  877
69  891
69  920
69  931
69  944
69  947
70  3
70  103
70  237
70  371
70  750
70  903
70  906
70  967
70  970
71  373
71  783
71  809
71  829
71  851
71  873
71  880
71  909
71  922
71  924
71  927
72  270
72  343
72  457
72  513
72  806
72  811
72  812
72  836
72  840
72  841
72  869
72  949
72  952
72  953
72  954
72  979
72  986
73  117
73  329
73  362
73  571
73  818
73  843
73  870
73  886
73  895
73  896
73  905
73  910
73  917
73  965
73  969
73  981
73  987
73  998
74  308
74  349
74  819
74  908
74  915
74  956
74  982
74  999
75  25
75  79
75  179
75  815
75  828
75  831
75  926
76  64
76  434
76  614
76  846
76  894
76  913
76  936
76  941
77  78
77  525
77  803
77  813
77  847
77  875
77  890
77  934
77  951
77  984
78  93
78  169
78  437
78  844
78  899
78  959
78  963
78  973
79  66
79  174
79  385
79  404
79  567
79  824
79  825
79  832
79  855
79  904
79  928
79  945
79  960
79  993
80  136
80  588
80  626
80  694
80  716
80  834
80  944
81  255
81  876
81  918
81  972
82  75
82  145
82  199
82  762
82  820
82  826
82  835
82  854
82  864
82  874
82  893
82  961
83  65
83  215
83  386
83  604
83  902
83  980
84  42
84  807
84  808
84  817
84  822
84  830
84  839
84  852
84  888
84  930
85  43
85  177
85  242
85  563
85  700
85  706
85  752
85  843
85  862
85  894
85  898
85  919
85  939
85  953
86  32
86  277
86  383
86  640
86  827
86  860
86  892
86  924
86  925
86  933
86  938
86  940
86  950
86  985
86  994
87  17
87  128
87  190
87  510
87  650
87  872
87  887
87  964
88  15
88  19
88  61
88  224
88  353
88  451
88  866
88  952
88  998
89  14
89  163
89  326
89  810
89  815
89  823
89  837
89  845
89  877
89  878
89  884
89  906
89  916
89  943
89  958
89  978
90  8
90  641
90  802
90  804
90  861
90  976
91  28
91  397
91  435
91  566
91  639
91  800
91  882
91  942
91  956
91  977
92  491
92  636
92  807
92  818
92  865
92  897
92  914
92  959
92  966
92  968
92  971
92  996
93  182
93  378
93  396
93  677
93  774
93  834
93  842
93  847
93  858
93  911
93  923
93  975
93  984
93  990
94  348
94  814
94  825
94  853
94  856
94  895
95  147
95  462
95  850
95  867
95  871
95  891
95  974
95  989
95  999
96  97
96  187
96  417
96  828
96  870
96  875
96  885
96  929
96  988
97  40
97  241
97  361
97  446
97  712
97  794
97  833
97  840
97  857
97  899
97  945
97  946
98  46
98  289
98  516
98  574
98  699
98  832
98  846
98  905
98  957
98  983
99  172
99  231
99  304
99  742
99  821
99  831
99  868
99  869
99  900
99  901
99  908
99  909
99  921
99  932
99  935
100  58
100  281
100  849
100  936
101  94
101  494
101  579
101  592
101  598
101  845
101  848
101  861
101  926
101  934
102  10
102  138
102  201
102  314
102  427
102  705
102  809
102  816
102  886
102  931
102  937
102  953
102  954
102  962
102  965
103  150
103  184
103  191
103  274
103  444
103  645
103  851
103  882
103  890
103  907
103  941
103  948
103  980
104  139
104  154
104  156
104  310
104  351
104  374
104  803
104  854
104  874
104  880
104  884
104  922
104  939
104  944
104  958
105  30
105  200
105  311
105  620
105  812
105  863
105  876
105  900
105  960
105  969
105  986
105  991
106  161
106  583
106  811
106  835
106  924
107  375
107  490
107  565
107  634
107  674
107  808
107  823
107  844
107  883
107  903
107  910
107  918
107  950
107  982
107  985
108  44
108  88
108  258
108  345
108  442
108  590
108  654
108  839
108  849
108  895
108  912
108  927
108  930
108  947
108  955
108  975
108  984
109  0
109  593
109  801
109  804
109  810
109  888
109  904
109  919
109  925
109  951
109  967
109  974
110  127
110  140
110  243
110  488
110  806
110  829
110  862
110  873
110  908
110  921
110  949
110  964
110  970
110  977
110  979
111  508
111  652
111  740
111  816
111  855
111  896
111  976
111  978
112  25
112  152
112  521
112  664
112  744
112  822
112  826
112  871
112  878
112  884
112  902
112  990
113  559
113  735
113  780
113  793
113  832
113  836
113  857
113  897
113  898
113  915
114  203
114  673
114  819
114  830
114  858
114  973
114  988
115  271
115  456
115  667
115  820
115  827
115  843
115  845
115  863
115  880
115  887
115  940
115  949
115  979
116  27
116  245
116  257
116  842
116  872
116  885
116  889
116  906
116  932
116  939
116  961
117  105
117  269
117  380
117  795
117  802
117  803
117  824
117  847
117  866
117  911
117  938
117  987
118  395
118  554
118  783
118  786
118  815
118  817
118  833
118  839
118  882
118  917
118  928
118  943
118  957
118  981
118  997
119  73
119  469
119  562
119  618
119  657
119  715
119  808
119  828
119  859
119  865
119  875
119  923
119  989
119  998
120  478
120  620
120  624
120  762
120  800
120  805
120  834
120  932
120  991
121  232
121  236
121  248
121  637
121  669
121  877
121  980
121  993
122  313
122  527
122  759
122  852
122  864
122  879
122  902
122  909
122  929
122  953
122  968
123  28
123  51
123  57
123  183
123  229
123  299
123  358
123  398
123  764
123  814
123  846
123  869
123  873
123  899
123  956
123  959
123  960
124  3
124  31
124  209
124  509
124  515
124  792
124  853
124  854
124  856
124  888
124  893
124  907
124  914
124  925
124  926
124  995
125  102
125  110
125  116
125  305
125  487
125  597
125  807
125  838
125  886
125  913
125  994
126  124
126  162
126  279
126  397
126  818
126  821
126  861
126  892
126  921
126  922
126  974
127  157
127  399
127  447
127  457
127  686
127  721
127  809
127  825
127  829
127  869
127  964
127  967
127  990
128  38
128  59
128  520
128  819
128  822
128  860
128  894
128  927
128  942
128  946
128  966
128  971
129  101
129  621
129  625
129  814
129  835
129  837
129  848
129  872
129  887
129  950
129  988
129  999
130  113
130  337
130  368
130  416
130  630
130  672
130  713
130  784
130  816
130  840
130  905
130  916
130  932
130  933
130  934
130  940
130  996
131  86
131  151
131  811
131  820
131  824
131  831
131  851
131  871
131  873
131  881
131  895
131  900
131  918
131  938
131  954
131  965
131  979
131  997
132  376
132  539
132  660
132  876
132  897
132  904
132  936
133  823
133  832
133  857
133  908
133  919
133  924
133  933
133  935
133  941
133  952
133  962
133  963
133  984
134  239
134  710
134  808
134  850
134  855
134  870
134  874
134  889
134  903
134  920
134  925
134  942
134  969
134  992
135  417
135  463
135  803
135  806
135  858
135  878
135  898
135  917
135  931
135  945
135  961
136  425
136  663
136  731
136  802
136  826
136  867
136  877
136  885
136  891
136  909
136  944
136  957
136  958
136  980
137  480
137  605
137  751
137  813
137  824
137  847
137  884
137  890
137  923
137  975
137  991
137  993
138  564
138  776
138  818
138  863
138  868
138  901
138  947
138  972
139  535
139  591
139  623
139  836
139  883
139  895
139  978
139  982
139  985
139  986
140  407
140  756
140  843
140  862
140  956
141  810
141  839
141  852
141  939
141  944
141  968
141  983
142  436
142  543
142  622
142  981
142  989
143  109
143  492
143  505
143  849
143  915
143  948
143  960
143  975
144  134
144  284
144  476
144  502
144  532
144  648
144  894
144  973
144  987
145  130
145  221
145  287
145  531
145  581
145  829
145  899
145  905
145  929
145  949
146  58
146  219
146  629
146  906
146  907
146  910
146  962
146  998
147  81
147  89
147  92
147  108
147  121
147  132
147  264
147  283
147  343
147  689
147  802
147  804
147  823
147  854
147  897
147  918
147  976
147  999
148  20
148  29
148  50
148  303
148  353
148  439
148  500
148  542
148  599
148  821
148  841
148  864
148  913
148  950
148  974
149  22
149  122
149  174
149  275
149  316
149  334
149  606
149  647
149  826
149  827
149  848
149  888
149  955
149  995
150  68
150  286
150  406
150  814
150  866
150  896
150  964
150  971
150  977
151  12
151  56
151  123
151  403
151  811
151  828
151  834
151  870
152  237
152  325
152  430
152  489
152  567
152  615
152  832
152  840
152  893
152  931
152  958
152  980
153  119
153  126
153  142
153  274
153  293
153  424
153  541
153  594
153  755
153  837
153  979
153  997
154  302
154  498
154  732
154  741
154  815
154  860
154  882
154  906
154  914
154  923
154  946
154  953
154  978
155  182
155  297
155  414
155  433
155  496
155  675
155  800
155  801
155  820
155  833
155  839
155  847
155  850
155  873
155  883
155  901
155  954
155  990
156  104
156  336
156  460
156  836
156  851
156  857
156  877
156  880
156  890
156  933
156  943
156  951
156  963
156  965
157  212
157  292
157  438
157  570
157  572
157  747
157  830
157  831
157  885
157  892
157  904
157  911
157  912
157  925
157  937
157  942
157  961
157  967
157  991
158  60
158  392
158  396
158  654
158  703
158  810
158  818
158  844
158  845
158  865
158  886
158  889
158  898
158  917
158  920
158  928
158  932
158  939
158  940
158  941
158  952
158  970
159  163
159  807
159  843
159  861
159  881
159  894
159  916
159  934
159  960
159  984
159  987
159  998
160  168
160  631
160  798
160  812
160  816
160  827
160  849
160  862
160  899
160  935
160  949
160  972
160  994
161  819
161  829
161  856
161  858
161  872
161  903
161  909
161  911
161  915
161  925
161  926
161  927
161  929
161  957
161  975
162  824
162  841
162  842
162  859
162  869
162  874
162  877
162  882
162  900
162  908
162  924
162  936
162  971
162  989
163  748
163  825
163  838
163  854
163  867
163  922
163  930
163  947
163  966
163  985
164  607
164  813
164  835
164  846
164  849
164  919
164  951
164  953
164  959
164  969
165  801
165  804
165  822
165  857
165  863
165  878
165  884
165  891
165  921
165  944
165  997
166  871
166  887
166  895
166  945
167  802
167  811
167  814
167  823
167  850
167  879
167  995
167  996
168  76
168  327
168  412
168  422
168  522
168  779
168  805
168  806
168  828
168  868
168  875
168  974
169  90
169  486
169  600
169  840
169  855
169  913
169  940
169  956
170  47
170  197
170  671
170  820
170  832
170  847
170  848
170  860
170  864
170  914
171  225
171  393
171  575
171  890
171  907
171  998
172  79
172  255
172  578
172  695
172  818
172  853
172  889
172  904
172  931
172  941
172  988
173  808
173  901
173  982
174  367
174  455
174  800
174  870
174  918
175  155
175  210
175  244
175  700
175  817
175  852
175  939
175  976
176  62
176  125
176  207
176  335
176  613
176  866
176  893
176  894
176  898
176  950
177  322
177  391
177  932
178  329
178  511
178  560
178  649
178  739
178  897
178  977
179  171
179  268
179  410
179  497
179  680
179  809
179  908
180  180
180  811
180  990
181  146
181  626
182  658
182  815
182  873
182  917
182  938
183  120
183  346
183  426
183  474
183  529
183  682
183  787
183  788
183  840
184  234
184  405
184  411
184  633
184  821
184  857
184  993
185  282
185  351
185  544
185  826
185  836
185  888
185  971
185  986
186  159
186  423
186  461
186  905
186  966
187  4
187  175
187  178
187  253
187  569
187  616
187  801
187  879
187  924
187  933
187  956
187  958
187  983
187  985
188  23
188  61
188  192
188  365
188  453
188  681
188  807
188  859
188  863
188  876
188  887
188  892
188  919
188  927
188  949
188  951
188  960
188  968
188  970
189  235
189  480
189  517
189  536
189  835
189  871
189  899
189  909
189  918
189  921
189  957
189  992
190  2
190  35
190  151
190  650
190  742
190  789
190  825
190  944
190  991
191  80
191  320
191  409
191  561
191  767
191  802
191  803
191  819
191  831
191  844
191  872
192  93
192  734
192  849
192  851
192  861
192  879
192  893
192  963
192  984
193  102
193  173
193  191
193  205
193  837
193  841
193  856
193  858
193  860
193  870
193  874
193  878
193  880
193  885
193  886
193  943
193  946
193  947
193  959
193  989
193  995
194  218
194  473
194  806
194  831
194  834
194  850
194  923
194  945
194  950
194  975
194  976
195  52
195  503
195  639
195  810
195  820
195  823
195  845
195  898
195  907
195  978
195  979
195  980
195  998
195  999
196  21
196  445
196  490
196  644
196  862
196  867
196  883
196  912
196  920
196  922
196  929
196  936
196  996
196  997
197  261
197  661
197  668
197  846
197  875
197  889
197  902
197  910
197  916
197  925
197  966
198  452
198  501
198  812
198  816
198  828
198  855
198  869
198  896
198  913
198  914
198  915
198  932
198  934
198  941
198  952
198  954
199  833
199  864
199  877
199  974
200  217
200  224
200  307
200  330
200  801
200  811
200  821
200  882
200  973
201  374
201  854
201  873
201  888
201  891
201  894
201  900
201  940
201  955
201  964
202  761
202  805
202  830
202  832
202  843
202  848
202  867
202  897
202  959
202  968
202  994
203  135
203  807
203  824
203  868
203  942
204  397
204  642
204  840
204  851
204  857
204  871
204  931
204  945
204  951
204  977
204  983
204  990
205  449
205  771
205  827
205  872
205  889
205  906
205  911
205  937
205  961
205  981
205  989
206  41
206  83
206  164
206  515
206  800
206  856
206  908
206  949
207  40
207  699
207  829
207  895
207  903
207  904
207  919
207  927
207  930
207  953
208  850
209  811
209  890
209  975
209  982
209  999
210  817
210  818
210  826
210  852
210  881
210  905
210  916
210  967
211  49
211  153
211  888
212  186
212  765
212  918
212  926
212  981
212  987
213  64
213  101
213  790
213  972
214  118
214  193
214  251
214  757
214  820
214  847
214  859
214  941
215  24
215  328
215  459
215  552
215  595
215  869
215  969
215  994
216  683
216  861
216  863
216  866
217  1
217  232
217  437
217  443
217  611
217  640
217  806
217  854
217  970
218  166
218  199
218  250
218  280
218  809
218  904
218  948
218  956
218  965
219  48
219  137
219  533
219  693
219  758
219  944
220  129
220  621
220  860
220  958
221  562
221  593
221  724
221  849
222  16
222  291
222  309
222  420
222  478
222  841
222  862
222  921
222  963
223  296
223  488
223  879
223  886
223  909
223  928
223  933
224  72
224  158
224  183
224  204
224  390
224  495
224  729
224  822
224  828
224  852
224  946
224  952
225  143
225  813
225  868
225  887
225  920
225  925
226  67
226  98
226  272
226  319
226  336
226  425
226  551
226  653
226  672
226  701
226  800
226  815
226  985
226  989
226  991
226  993
227  95
227  812
227  864
227  900
227  906
227  930
227  935
228  354
228  454
228  589
228  715
228  802
228  816
228  823
228  829
228  872
228  873
228  957
228  977
229  44
229  133
229  512
229  566
229  750
229  832
229  834
229  842
229  902
229  909
229  921
229  961
229  984
230  240
230  311
230  629
230  913
230  943
230  965
230  983
231  75
231  441
231  656
231  803
231  807
231  837
231  877
231  880
231  889
231  916
232  432
232  569
232  822
232  835
232  836
232  845
232  846
232  875
232  876
232  895
232  936
232  954
232  959
232  972
232  981
232  997
233  226
233  371
233  439
233  818
233  831
233  883
233  885
233  927
233  938
233  949
233  968
233  988
233  995
234  541
234  721
234  743
234  849
234  860
234  867
234  881
234  882
234  903
234  911
234  914
234  915
234  971
234  973
234  980
235  238
235  522
235  801
235  820
235  858
235  897
235  912
235  955
236  177
236  419
236  814
236  830
236  865
236  884
236  932
236  963
236  978
237  355
237  819
237  821
237  826
237  831
237  894
237  922
237  947
237  960
237  990
238  806
238  851
238  883
238  904
238  924
238  952
238  974
239  200
239  793
239  907
239  953
240  583
240  652
240  850
240  855
240  931
240  934
241  30
241  114
241  269
241  361
241  379
241  800
241  824
241  839
241  929
241  944
242  53
242  375
242  563
242  604
242  709
242  786
242  808
242  809
242  926
242  988
242  996
243  131
243  331
243  698
243  833
243  853
243  862
243  893
243  976
243  979
244  14
244  105
244  711
244  839
244  888
244  941
244  943
244  947
244  962
244  967
245  353
245  358
245  413
245  455
245  492
245  837
245  843
245  863
245  958
245  982
245  991
246  766
246  802
246  805
246  817
246  825
246  828
246  829
246  873
246  918
246  945
246  948
246  973
247  176
247  243
247  321
247  386
247  620
247  857
247  877
247  901
247  923
247  975
248  50
248  115
248  172
248  442
248  676
248  792
248  895
248  913
248  917
248  964
249  132
249  737
249  902
249  955
250  381
250  671
250  811
250  830
250  844
250  859
250  871
250  939
250  966
251  643
251  804
251  827
251  852
251  869
251  942
251  961
251  983
252  198
252  870
252  890
252  896
252  991
253  206
253  289
253  333
253  342
253  487
253  854
253  927
254  7
254  516
254  582
254  879
254  884
254  932
254  937
254  938
255  55
255  259
255  308
255  739
255  746
255  856
255  899
255  972
256  124
256  161
256  435
256  446
256  498
256  810
256  816
256  861
256  935
256  984
257  242
257  254
257  385
257  581
257  585
257  764
257  820
257  822
257  836
257  875
257  889
257  946
257  950
257  970
257  995
258  71
258  434
258  518
258  598
258  823
258  847
258  882
258  892
258  906
258  968
259  51
259  270
259  366
259  538
259  617
259  702
259  768
259  842
259  850
259  874
259  894
259  921
259  956
259  981
259  997
260  26
260  227
260  258
260  840
260  859
260  900
260  905
260  934
260  957
260  959
260  993
261  107
261  148
261  156
261  650
261  687
261  815
261  845
261  865
261  872
261  873
261  898
261  924
261  925
261  946
261  999
262  349
262  560
262  864
262  893
262  951
262  952
262  966
262  977
263  119
263  408
263  483
263  491
263  561
263  567
263  803
263  832
263  867
263  887
263  919
263  931
263  958
263  967
263  976
263  989
264  93
264  303
264  494
264  521
264  705
264  754
264  779
264  807
264  814
264  843
264  886
264  909
264  928
264  940
264  974
264  982
264  994
265  109
265  824
265  829
265  848
265  851
265  917
266  236
266  416
266  421
266  540
266  706
266  826
266  833
266  838
266  885
266  913
266  969
266  988
266  998
267  194
267  458
267  718
267  725
267  763
267  860
267  876
267  878
267  911
267  926
267  933
267  986
268  59
268  252
268  262
268  403
268  787
268  811
268  828
268  862
268  901
268  930
268  931
268  961
269  816
269  834
269  839
269  855
269  888
269  904
269  922
269  963
269  965
269  978
270  348
270  451
270  522
270  716
270  841
270  844
270  889
270  932
270  944
271  89
271  188
271  195
271  481
271  497
271  800
271  806
271  809
271  818
271  869
271  896
271  936
271  945
271  971
271  989
271  990
272  798
272  890
272  908
273  264
273  394
273  728
273  747
273  748
273  785
273  846
273  852
273  858
273  873
273  891
273  915
273  950
273  964
273  991
274  70
274  127
274  225
274  666
274  825
274  837
274  861
274  882
274  895
274  918
274  939
274  980
274  992
275  201
275  812
275  819
275  827
275  831
275  847
275  849
275  856
275  859
275  870
275  871
275  886
275  927
275  954
276  178
276  369
276  576
276  625
276  696
276  712
276  791
276  802
276  808
276  880
276  884
276  943
276  947
276  953
277  185
277  499
277  537
277  544
277  600
277  618
277  853
277  929
278  103
278  445
278  654
278  821
278  865
278  916
278  941
278  942
278  995
279  190
279  197
279  359
279  614
279  833
279  835
279  877
279  879
279  897
279  914
279  962
280  63
280  171
280  513
280  805
280  817
280  850
280  883
280  892
280  902
280  910
280  997
280  998
281  31
281  157
281  208
281  224
281  565
281  804
281  823
281  840
281  845
281  875
281  934
281  954
281  955
281  956
281  960
281  967
281  977
281  985
282  215
282  382
282  486
282  579
282  670
282  692
282  829
282  830
282  858
282  863
282  876
282  887
282  896
282  938
282  948
282  975
283  99
283  363
283  417
283  866
283  874
283  912
283  918
283  924
283  963
283  966
283  968
284  112
284  277
284  376
284  388
284  469
284  529
284  782
284  838
284  843
284  862
284  885
284  898
284  919
284  923
284  979
284  984
284  988
285  265
285  564
285  738
285  849
285  854
285  901
285  903
285  913
285  951
285  983
286  801
286  824
286  860
286  925
286  928
286  978
286  980
286  995
287  182
287  191
287  245
287  795
287  814
287  872
287  907
287  999
288  76
288  86
288  302
288  350
288  799
288  809
288  815
288  818
288  861
288  945
288  946
288  948
289  8
289  278
289  546
289  635
289  930
289  935
289  959
289  970
289  994
290  104
290  433
290  772
290  800
290  806
290  820
290  859
290  864
290  906
290  927
290  964
291  69
291  335
291  588
291  839
291  899
291  900
291  908
291  947
291  950
292  3
292  220
292  519
292  527
292  802
292  803
292  825
292  847
292  857
292  907
292  921
292  933
292  952
292  956
292  975
292  977
293  0
293  343
293  554
293  630
293  841
293  873
294  77
294  82
294  306
294  404
294  811
294  851
294  911
294  926
294  944
294  957
294  974
294  993
295  145
295  813
295  868
295  882
295  891
295  932
295  949
295  998
296  116
296  463
296  731
296  777
296  822
296  835
296  870
296  875
296  877
296  890
296  893
296  915
296  941
296  943
296  955
296  976
297  319
297  448
297  528
297  807
297  852
297  880
297  896
297  917
297  978
298  29
298  536
298  740
298  828
298  848
298  871
298  885
298  889
298  904
298  920
298  937
298  939
298  969
298  981
298  982
298  996
299  895
299  986
299  989
300  637
300  821
300  857
300  888
300  892
300  897
300  960
300  984
300  992
301  332
301  694
301  842
301  846
301  863
301  910
301  973
302  27
302  820
302  827
302  924
302  940
302  958
302  968
302  971
302  985
303  316
303  466
303  864
303  876
303  898
303  929
303  987
304  21
304  285
304  685
304  708
304  869
304  890
304  975
304  990
305  677
305  810
305  834
305  919
306  32
306  155
306  207
306  241
306  568
306  829
306  999
307  108
307  288
307  717
307  751
307  776
307  818
307  922
307  993
308  339
308  367
308  424
308  735
308  844
308  905
308  954
308  972
309  199
309  305
309  506
309  575
309  601
309  636
309  673
309  850
309  858
309  894
309  925
309  994
309  995
310  15
310  126
310  232
310  357
310  681
310  780
310  788
310  801
310  831
310  874
310  886
310  927
310  991
311  42
311  808
311  809
311  832
311  872
311  898
312  169
312  177
312  275
312  657
312  727
312  745
312  816
312  837
312  883
312  934
312  942
312  961
313  38
313  79
313  392
313  444
313  584
313  817
313  895
313  926
313  932
313  979
313  997
314  192
314  395
314  478
314  517
314  539
314  587
314  803
314  805
314  811
314  901
314  936
315  143
315  196
315  468
315  655
315  804
315  806
315  812
315  891
315  892
315  928
315  965
315  970
315  978
315  987
316  360
316  432
316  530
316  534
316  848
316  856
316  900
316  920
316  929
316  935
316  986
317  41
317  184
317  341
317  384
317  500
317  699
317  715
317  878
317  887
317  918
317  930
317  967
318  142
318  397
318  606
318  733
318  757
318  862
318  909
318  925
318  940
318  982
319  83
319  660
319  818
319  879
319  885
319  912
319  938
319  956
319  976
320  828
320  836
320  851
320  855
320  896
320  901
320  924
320  957
321  189
321  218
321  373
321  485
321  800
321  822
321  823
321  827
321  860
321  881
321  884
321  921
321  933
321  941
321  947
321  950
321  980
322  54
322  228
322  293
322  415
322  525
322  852
322  861
322  906
322  908
322  913
322  931
322  959
322  968
322  969
322  981
323  23
323  75
323  805
323  820
323  835
323  871
323  875
323  910
323  914
323  942
323  955
323  983
324  427
324  726
324  807
324  821
324  831
324  841
324  869
324  877
324  904
324  923
324  963
324  966
324  984
325  187
325  399
325  830
325  839
325  845
325  854
325  859
325  876
325  895
325  897
325  902
325  937
325  953
325  990
325  996
326  825
326  857
326  917
326  974
326  999
327  255
327  842
327  843
327  849
327  873
327  880
327  886
327  893
327  951
327  958
327  998
328  801
328  808
328  814
328  848
328  850
328  865
328  866
328  888
328  903
328  943
329  209
329  271
329  676
329  815
329  838
329  847
329  853
329  856
329  919
329  948
330  734
330  826
330  863
330  872
330  874
330  911
330  923
330  944
330  949
330  977
331  49
331  274
331  764
331  829
331  860
331  926
331  962
331  979
331  988
331  994
332  880
332  905
332  939
332  985
332  997
333  168
333  449
333  868
333  907
333  974
333  986
333  989
334  281
334  846
334  946
334  947
335  809
335  878
335  922
335  928
336  894
336  925
336  954
336  964
336  975
336  992
337  34
337  683
337  978
338  85
338  174
338  320
338  379
338  418
338  520
338  640
338  811
338  819
338  898
338  927
338  981
339  270
339  722
339  812
339  877
339  883
340  755
340  973
341  96
341  362
341  597
341  813
341  820
342  35
342  607
342  794
343  249
343  273
343  473
343  905
343  975
344  37
344  317
344  507
344  756
344  867
344  871
344  920
345  50
345  272
345  364
345  365
345  450
345  800
345  825
345  916
345  932
345  952
345  995
346  61
346  258
346  493
346  797
346  849
346  873
346  930
347  18
347  138
347  280
347  675
347  685
347  877
347  955
348  851
348  902
349  52
349  130
349  290
349  713
349  809
349  841
349  845
349  855
350  162
350  378
350  541
350  689
350  858
350  896
350  908
351  20
351  380
351  383
351  413
351  586
351  707
351  803
351  840
351  866
351  909
351  938
351  958
351  960
351  983
352  299
352  664
352  701
352  802
352  827
352  911
352  921
352  943
352  949
352  961
352  976
353  106
353  147
353  180
353  531
353  823
353  929
354  508
354  616
354  854
354  887
354  982
355  172
355  175
355  203
355  213
355  387
355  678
355  806
355  879
355  895
355  904
355  927
355  959
355  980
355  987
356  144
356  322
356  323
356  348
356  548
356  642
356  816
356  856
356  890
356  897
356  964
356  985
357  346
357  812
357  815
357  818
357  821
357  830
357  832
357  836
357  861
357  875
357  970
357  996
358  100
358  159
358  343
358  439
358  785
358  801
358  839
358  852
358  884
358  913
358  918
358  944
359  433
359  817
359  847
359  870
359  899
359  924
359  934
359  940
359  967
359  990
360  16
360  173
360  480
360  822
360  848
360  857
360  862
360  868
360  886
360  901
360  903
360  933
360  947
360  991
360  998
361  170
361  792
361  801
361  814
361  826
361  829
361  853
361  863
361  874
361  891
361  892
361  906
361  926
361  931
361  941
361  945
361  968
362  786
362  807
362  828
362  849
362  876
363  127
363  816
363  844
363  864
363  885
363  889
363  908
363  937
363  942
363  946
363  950
363  956
363  957
363  973
363  983
363  993
364  292
364  806
364  846
364  898
364  910
364  916
364  951
364  976
364  978
365  805
365  811
365  835
365  866
365  872
365  966
365  971
365  974
365  994
366  25
366  799
366  824
366  831
366  860
366  865
366  949
366  989
367  800
367  803
367  825
367  881
367  882
367  911
367  928
367  965
367  973
368  720
368  783
368  808
368  810
368  851
368  935
368  980
368  986
369  124
369  834
369  859
369  877
369  914
369  921
369  934
369  984
369  997
369  999
370  43
370  373
370  833
370  845
370  862
370  878
370  894
370  963
371  837
371  840
371  856
371  932
372  470
372  820
372  923
372  953
373  773
373  838
373  843
373  917
373  936
373  952
373  961
374  479
374  695
374  782
374  804
374  827
374  883
375  149
375  330
375  504
375  867
375  950
375  979
376  151
376  342
376  821
376  907
377  53
377  78
377  904
378  84
378  760
378  887
378  905
378  922
378  949
378  975
379  386
379  458
379  929
379  962
380  101
380  308
381  134
381  263
381  389
381  610
382  489
382  813
382  996
383  31
383  484
383  494
383  766
383  870
384  224
384  253
384  554
384  574
384  653
384  659
384  752
384  759
384  857
384  895
384  958
385  8
385  300
385  884
385  919
385  992
386  214
386  279
386  590
386  591
386  621
386  816
386  841
386  842
386  869
387  303
387  333
387  337
387  561
387  811
387  830
387  845
387  847
387  872
387  879
387  893
388  58
388  107
388  216
388  368
388  612
388  774
388  854
388  942
389  91
389  325
389  716
389  850
389  960
389  964
389  970
390  611
390  682
390  697
390  814
390  899
390  931
390  982
390  995
390  997
391  235
391  310
391  338
391  746
391  800
391  817
391  891
391  901
391  909
391  969
391  977
392  211
392  691
392  770
392  801
392  807
392  832
392  918
393  408
393  787
393  853
393  864
393  867
393  874
393  875
393  883
393  925
393  951
393  971
393  988
394  256
394  627
394  662
394  663
394  791
394  812
394  821
394  843
394  947
394  978
395  139
395  297
395  318
395  345
395  833
395  863
395  868
395  953
395  972
396  80
396  116
396  261
396  487
396  533
396  700
396  729
396  903
396  924
397  79
397  477
397  730
397  828
397  831
397  871
397  887
397  897
397  934
397  935
397  946
397  950
397  957
397  963
398  377
398  452
398  721
398  802
398  806
398  814
398  815
398  824
398  825
398  851
398  860
398  873
398  884
398  902
398  915
398  921
398  926
398  949
399  27
399  146
399  190
399  412
399  499
399  542
399  800
399  808
399  810
399  826
399  890
399  898
399  906
399  927
399  939
399  940
399  959
400  57
400  326
400  889
400  916
400  966
400  983
400  985
400  990
401  798
401  804
401  820
401  849
401  891
401  896
401  941
401  954
401  956
401  961
401  989
401  994
402  837
402  840
402  852
402  885
402  888
402  943
402  944
402  965
402  977
403  110
403  593
403  615
403  822
403  855
403  859
403  876
403  879
403  886
403  923
403  938
403  968
403  973
404  563
404  844
404  861
404  880
404  894
404  907
404  912
404  931
404  948
404  950
404  963
405  415
405  856
405  872
405  892
405  893
405  908
405  925
405  929
405  930
405  952
405  998
406  119
406  311
406  818
406  839
406  874
406  915
406  928
406  932
406  955
406  975
406  993
407  809
407  882
407  933
407  944
408  283
408  406
408  476
408  583
408  827
408  838
408  980
408  997
409  141
409  453
409  811
409  823
409  848
409  865
409  911
409  914
409  919
410  163
410  802
410  835
410  968
410  984
411  407
411  847
411  858
411  900
411  982
412  65
412  98
412  154
412  672
412  675
412  807
412  927
412  967
412  976
412  979
413  137
413  819
413  862
413  945
413  978
414  200
414  266
414  466
414  543
414  546
414  600
414  820
414  836
414  872
414  875
414  931
414  991
415  87
415  95
415  153
415  800
415  816
415  878
415  884
415  905
415  944
415  973
416  83
416  196
416  243
416  447
416  511
416  567
416  602
416  748
416  789
416  864
416  866
416  873
416  899
416  954
417  39
417  89
417  650
417  801
417  832
417  843
417  850
417  921
417  925
417  974
417  987
418  132
418  205
418  313
418  328
418  790
418  808
418  877
418  936
419  10
419  193
419  255
419  387
419  901
419  997
420  3
420  165
420  463
420  924
420  977
421  267
421  472
421  492
421  810
421  814
422  76
422  411
422  639
422  754
422  768
422  813
422  825
422  833
422  841
422  861
422  875
422  879
422  881
422  898
422  947
422  998
423  26
423  349
423  679
423  851
423  855
423  902
423  907
423  919
423  939
423  956
423  999
424  54
424  56
424  114
424  277
424  440
424  449
424  456
424  555
424  589
424  687
424  753
424  829
424  831
424  845
424  938
424  970
425  17
425  19
425  315
425  417
425  582
425  605
425  809
425  840
425  842
425  854
425  857
425  929
425  949
425  969
426  128
426  334
426  585
426  713
426  805
426  811
426  891
426  943
426  950
426  961
426  987
426  989
427  307
427  632
427  671
427  761
427  885
427  886
427  904
427  917
427  928
427  993
428  269
428  823
428  849
428  888
428  894
428  897
428  915
428  916
428  923
428  942
428  946
428  962
428  979
429  524
429  727
429  808
429  818
429  830
429  846
429  859
429  869
429  882
429  892
429  893
429  896
429  924
429  933
429  957
429  963
429  977
429  984
429  992
430  212
430  794
430  803
430  868
430  871
430  920
430  958
430  964
431  250
431  504
431  569
431  665
431  715
431  847
431  851
431  873
431  902
431  953
432  367
432  800
432  870
432  876
432  903
432  911
432  913
432  918
432  930
432  960
432  990
433  604
433  824
433  829
433  832
433  834
433  860
433  900
433  965
433  982
433  983
433  994
434  509
434  804
434  821
434  827
434  852
434  856
434  863
434  889
434  895
434  899
434  922
434  934
434  988
434  996
435  4
435  38
435  841
435  883
435  906
435  972
435  973
435  989
435  991
435  997
436  587
436  880
436  904
436  908
436  910
436  926
436  944
436  971
436  975
436  981
436  993
437  694
437  828
437  835
437  872
437  882
437  896
437  912
437  961
437  976
438  816
438  820
438  849
438  948
438  951
438  990
439  262
439  351
439  825
439  837
439  848
439  862
439  874
439  985
439  998
439  999
440  148
440  831
440  858
440  887
440  927
440  932
440  941
441  839
441  905
441  909
441  968
441  984
442  70
442  125
442  470
442  528
442  807
442  853
442  867
442  879
442  921
442  952
442  967
443  74
443  371
443  464
443  826
443  864
443  866
443  992
444  438
444  647
444  806
444  890
444  931
445  225
445  226
445  238
445  723
445  844
445  985
446  157
446  227
446  295
446  424
446  940
446  974
447  103
447  571
447  638
447  834
447  851
447  869
447  927
447  930
448  198
448  257
448  486
448  673
448  802
448  809
449  442
449  865
449  957
450  72
450  423
450  817
450  954
450  983
451  160
451  187
451  469
451  503
451  781
451  988
452  197
452  547
452  578
452  717
452  801
452  836
452  923
453  224
453  473
453  572
453  912
453  970
454  201
454  495
454  655
454  767
455  570
455  815
455  843
455  850
455  874
455  920
456  15
456  336
456  344
456  651
456  812
456  833
456  924
456  934
457  239
457  285
457  626
457  696
457  796
457  885
457  898
457  909
457  913
457  963
457  995
458  130
458  204
458  229
458  309
458  631
458  642
458  891
458  979
458  990
459  0
459  45
459  88
459  168
459  245
459  526
459  564
459  597
459  849
459  861
459  888
459  901
459  910
459  919
459  933
459  941
459  973
460  194
460  221
460  254
460  483
460  623
460  855
460  869
460  927
460  949
461  350
461  496
461  514
461  750
461  803
461  813
461  841
461  854
461  857
461  859
461  925
461  975
461  993
462  28
462  420
462  459
462  481
462  487
462  645
462  765
462  810
462  821
462  883
462  889
462  895
462  899
462  902
462  931
462  989
463  410
463  432
463  525
463  666
463  777
463  824
463  843
463  845
463  923
463  944
463  953
463  959
463  991
464  372
464  446
464  515
464  793
464  800
464  807
464  830
464  838
464  858
464  871
464  911
464  914
464  918
464  921
464  947
464  951
464  952
465  85
465  340
465  355
465  624
465  820
465  842
465  856
465  879
465  905
465  926
465  950
465  960
465  968
465  997
466  240
466  688
466  763
466  866
466  887
466  943
466  996
467  418
467  462
467  505
467  705
467  804
467  816
467  822
467  828
467  832
467  835
467  860
467  880
467  890
467  915
467  962
468  14
468  382
468  742
468  779
468  827
468  837
468  847
468  851
468  863
468  870
468  882
468  897
468  929
468  942
468  958
468  978
468  985
469  30
469  73
469  112
469  335
469  534
469  601
469  819
469  840
469  865
469  908
469  936
469  939
469  941
469  945
469  961
469  967
469  972
469  982
469  983
469  984
470  598
470  808
470  922
470  948
470  965
470  987
471  806
471  818
471  834
471  864
471  867
471  904
471  906
471  907
471  930
471  940
471  955
471  956
471  971
472  652
472  805
472  811
472  814
472  831
472  846
472  852
472  872
472  875
472  903
472  916
472  928
472  976
472  990
472  995
472  998
473  44
473  444
473  839
473  855
473  873
473  876
473  920
473  945
473  964
473  994
474  413
474  579
474  828
474  847
474  878
474  900
474  901
474  917
475  176
475  319
475  809
475  892
475  893
475  911
475  938
475  946
475  951
476  183
476  671
476  810
476  812
476  844
476  853
476  866
476  935
476  966
477  633
477  861
477  877
477  882
477  896
477  992
478  178
478  378
478  439
478  516
478  739
478  815
478  825
478  883
478  886
478  931
478  977
479  551
479  584
479  802
479  830
479  840
479  848
479  863
479  874
479  881
479  884
479  918
479  921
479  973
479  999
480  140
480  184
480  611
480  707
480  850
480  912
480  932
480  933
480  938
480  963
481  364
481  856
481  862
481  954
481  959
481  991
482  5
482  53
482  836
482  858
482  859
482  980
482  981
483  381
483  608
483  784
483  821
483  870
483  937
484  2
484  314
484  617
484  741
484  804
484  894
484  913
484  996
485  33
485  398
485  826
485  847
485  924
485  972
486  259
486  832
486  889
486  890
486  909
487  22
487  310
487  708
487  776
487  984
488  255
488  366
488  437
488  806
488  940
489  369
489  386
489  390
489  521
489  800
489  974
490  455
490  508
490  689
490  747
490  906
490  997
491  87
491  149
491  421
491  422
491  427
491  896
491  970
492  18
492  21
492  36
492  104
492  397
492  695
492  797
492  814
492  827
492  849
492  887
492  946
492  969
492  975
493  6
493  10
493  96
493  127
493  193
493  538
493  640
493  833
493  883
493  885
494  111
494  123
494  392
494  637
494  786
494  805
494  820
494  838
494  899
494  914
494  979
495  109
495  174
495  202
495  559
495  783
495  844
495  925
495  942
495  987
496  24
496  270
496  301
496  352
496  403
496  467
496  518
496  568
496  715
496  746
496  816
496  845
496  878
496  930
497  253
497  402
497  434
497  452
497  480
497  522
497  609
497  614
497  658
497  760
497  801
497  831
497  843
497  919
497  945
497  958
498  170
498  215
498  326
498  441
498  613
498  685
498  817
498  829
498  873
498  875
498  908
498  927
498  956
498  967
498  976
499  40
499  108
499  131
499  177
499  196
499  251
499  284
499  289
499  460
499  520
499  550
499  809
499  811
499  822
499  824
499  842
499  861
499  869
499  897
499  905
499  911
499  920
499  961
499  964
499  978
499  998
500  49
500  431
500  730
500  745
500  802
500  803
500  812
500  847
500  854
500  889
500  892
500  896
500  923
500  924
500  932
500  944
500  947
500  953
500  960
500  977
501  39
501  172
501  292
501  430
501  591
501  616
501  699
501  727
501  819
501  855
501  857
501  865
501  872
501  886
501  888
501  901
501  904
501  917
501  933
501  943
501  968
501  971
501  974
501  989
501  993
502  358
502  507
502  588
502  648
502  813
502  858
502  860
502  864
502  898
502  910
502  926
502  963
502  990
502  995
503  158
503  395
503  810
503  834
503  847
503  850
503  851
503  856
503  859
503  874
503  882
503  893
503  900
503  907
503  924
503  934
503  949
503  957
503  965
503  973
503  987
504  280
504  294
504  815
504  818
504  837
504  840
504  868
504  876
504  915
504  916
504  922
504  938
504  942
504  952
504  959
504  962
504  991
505  356
505  835
505  836
505  846
505  895
505  921
505  935
505  950
505  983
505  988
506  38
506  169
506  825
506  828
506  869
506  871
506  877
506  880
506  885
506  894
506  901
506  902
506  918
506  954
506  955
506  982
507  862
507  873
507  890
507  906
507  986
508  491
508  757
508  821
508  832
508  841
508  872
508  884
508  919
508  948
508  969
508  996
509  537
509  811
509  852
509  914
509  916
509  943
509  945
509  951
509  975
509  999
510  51
510  137
510  192
510  478
510  806
510  808
510  830
510  881
510  929
510  941
510  953
510  956
510  958
511  46
511  61
511  124
511  343
511  800
511  807
511  819
511  831
511  859
511  909
511  954
511  966
511  976
511  980
511  985
512  153
512  286
512  344
512  475
512  709
512  751
512  803
512  848
512  863
512  891
512  920
512  937
512  967
512  981
512  989
513  23
513  139
513  401
513  419
513  420
513  527
513  785
513  812
513  861
513  913
513  925
513  931
513  994
514  8
514  399
514  573
514  692
514  827
514  828
514  839
514  849
514  854
514  883
514  895
514  902
514  908
514  928
514  939
514  984
515  76
515  102
515  758
515  799
515  804
515  870
515  871
515  912
515  936
515  947
516  12
516  267
516  477
516  556
516  701
516  845
516  886
516  906
516  955
516  968
517  58
517  510
517  552
517  809
517  816
517  838
517  842
517  851
517  857
517  903
517  921
517  970
517  978
517  993
517  997
518  91
518  273
518  349
518  407
518  660
518  823
518  843
518  887
518  904
519  3
519  65
519  162
519  179
519  209
519  271
519  365
519  436
519  501
519  820
519  879
519  905
519  942
519  960
520  47
520  274
520  278
520  332
520  555
520  714
520  825
520  862
520  888
520  926
520  945
520  961
520  983
521  128
521  223
521  743
521  801
521  853
521  856
521  880
521  893
521  927
521  949
521  973
522  11
522  32
522  450
522  463
522  621
522  800
522  824
522  829
522  873
522  898
522  944
523  13
523  61
523  324
523  337
523  342
523  487
523  681
523  728
523  805
523  813
523  900
523  974
523  979
523  987
524  122
524  315
524  368
524  548
524  757
524  761
524  808
524  815
524  819
524  835
524  837
524  847
524  885
524  894
524  897
524  931
524  975
525  296
525  724
525  811
525  831
525  948
525  991
525  994
526  312
526  465
526  667
526  858
526  911
526  971
527  68
527  152
527  203
527  243
527  506
527  509
527  604
527  703
527  769
527  803
527  839
527  855
528  116
528  408
528  425
528  807
528  822
528  825
528  889
528  899
528  922
528  932
528  933
528  935
528  939
528  954
528  957
528  962
528  972
528  998
529  89
529  316
529  345
529  385
529  766
529  804
529  810
529  814
529  854
529  878
529  901
529  917
529  952
529  982
530  98
530  99
530  330
530  357
530  429
530  641
530  693
530  816
530  818
530  857
530  874
530  883
530  897
530  905
530  938
531  136
531  524
531  539
531  690
531  829
531  832
531  875
531  896
531  909
531  923
531  946
531  977
531  999
532  120
532  135
532  138
532  299
532  529
532  710
532  802
532  848
532  850
532  863
532  912
532  913
532  914
532  929
532  984
532  986
533  275
533  329
533  736
533  817
533  826
533  877
533  882
533  886
533  900
533  903
533  918
533  924
533  931
533  940
533  979
533  989
533  993
534  448
534  702
534  809
534  861
534  864
534  867
534  869
534  876
534  884
534  887
534  915
534  916
534  925
534  926
534  949
534  976
535  31
535  276
535  285
535  346
535  464
535  596
535  841
535  872
535  888
535  892
535  936
535  945
535  951
535  978
535  988
535  990
536  147
536  426
536  806
536  827
536  830
536  844
536  885
536  895
536  927
536  943
536  950
536  959
536  963
536  992
536  995
537  812
537  820
537  842
537  871
537  921
537  934
537  941
537  955
537  970
538  164
538  167
538  220
538  279
538  445
538  738
538  754
538  801
538  836
538  849
538  908
538  937
538  981
539  74
539  612
539  735
539  816
539  838
539  846
539  860
539  873
539  894
539  935
539  964
539  985
539  999
540  577
540  807
540  835
540  953
540  965
541  393
541  498
541  567
541  802
541  810
541  828
541  833
541  902
541  919
541  958
541  987
541  989
541  997
542  186
542  227
542  490
542  755
542  808
542  847
542  859
542  881
542  890
542  929
542  931
542  968
543  118
543  406
543  442
543  682
543  726
543  843
543  865
543  870
543  879
543  944
543  964
543  975
543  977
543  983
544  75
544  199
544  493
544  866
544  896
544  898
544  930
544  946
544  974
545  362
545  697
545  800
545  966
546  447
546  551
546  620
546  790
546  817
546  821
546  906
546  947
547  256
547  627
547  707
547  814
547  852
547  854
547  933
547  949
547  957
547  962
547  967
547  992
548  59
548  173
548  308
548  309
548  331
548  486
548  554
548  772
548  818
548  826
548  834
548  851
548  976
549  160
549  526
549  595
549  636
549  680
549  704
549  803
549  850
549  927
549  983
550  4
550  188
550  290
550  639
550  684
550  809
550  813
550  862
550  867
550  886
550  954
550  980
550  982
550  994
550  996
551  142
551  249
551  262
551  339
551  503
551  819
551  948
551  950
551  960
552  114
552  146
552  634
552  752
552  805
552  825
552  830
552  842
552  880
552  907
552  932
552  938
552  940
552  959
553  1
553  62
553  252
553  305
553  415
553  840
553  856
553  863
553  885
553  952
553  969
553  990
554  191
554  206
554  254
554  264
554  293
554  316
554  457
554  527
554  822
554  837
554  845
554  872
554  904
554  912
554  975
554  999
555  322
555  497
555  523
555  584
555  796
555  889
555  925
555  951
555  956
556  133
556  325
556  601
556  669
556  808
556  815
556  838
556  848
556  941
556  954
556  970
556  988
556  991
556  993
557  182
557  269
557  363
557  417
557  830
557  853
557  858
557  869
557  874
557  876
557  878
557  913
557  920
557  921
557  963
558  19
558  394
558  664
558  857
558  902
558  968
558  984
559  242
559  546
559  744
559  748
559  831
559  832
559  833
559  860
559  877
559  897
559  911
559  923
559  997
560  268
560  291
560  513
560  725
560  829
560  958
560  971
561  161
561  187
561  327
561  807
561  812
561  845
561  855
561  856
561  868
561  891
561  928
561  937
561  965
562  90
562  435
562  517
562  588
562  590
562  781
562  788
562  847
562  861
562  864
562  865
562  883
562  884
562  895
562  906
562  934
563  131
563  240
563  740
563  804
563  823
563  827
563  836
563  859
563  875
563  903
563  910
563  930
563  942
563  944
563  946
563  955
563  961
563  973
563  985
564  195
564  266
564  288
564  508
564  696
564  802
564  851
564  871
564  892
564  914
564  931
564  989
565  354
565  806
565  807
565  810
565  824
565  844
565  898
565  923
565  967
566  83
566  212
566  691
566  792
566  801
566  808
566  839
566  846
566  873
566  899
566  917
566  964
566  978
567  57
567  270
567  340
567  373
567  605
567  613
567  820
567  828
567  838
567  842
567  908
567  916
567  922
567  941
567  943
567  979
568  27
568  816
568  835
568  841
568  882
568  886
568  888
568  890
568  893
568  915
568  918
568  932
568  974
569  260
569  675
569  843
569  854
569  924
569  939
569  960
569  982
569  992
570  117
570  130
570  218
570  349
570  438
570  677
570  803
570  810
570  821
570  848
570  870
570  929
570  949
571  159
571  443
571  488
571  819
571  850
571  852
571  881
571  899
571  905
571  914
571  986
571  994
572  80
572  374
572  388
572  809
572  811
572  867
572  880
572  925
572  926
572  952
572  972
572  990
572  998
573  468
573  813
573  825
573  909
573  928
573  950
573  957
573  959
573  975
573  984
574  79
574  333
574  334
574  805
574  836
574  871
574  885
574  945
574  981
575  121
575  154
575  247
575  494
575  500
575  616
575  773
575  814
575  828
575  847
575  856
575  901
575  948
575  993
576  64
576  321
576  565
576  859
576  889
576  900
576  911
576  927
576  947
576  953
576  966
577  759
577  894
578  516
578  817
579  5
579  100
579  338
579  823
579  855
579  873
579  879
579  907
580  229
580  610
580  822
580  832
580  866
580  887
580  905
580  933
580  954
580  965
580  999
581  49
581  71
581  82
581  143
581  410
581  593
581  732
581  831
581  858
581  897
581  937
581  938
581  944
581  956
581  961
581  972
582  44
582  132
582  201
582  224
582  489
582  767
582  784
582  849
582  895
582  922
582  977
583  54
583  216
583  587
583  754
583  780
583  791
583  839
583  910
583  913
584  20
584  105
584  303
584  411
584  484
584  562
584  806
584  852
584  946
584  963
585  228
585  414
585  566
585  662
585  807
585  808
585  812
585  840
585  857
585  888
585  971
585  998
586  48
586  255
586  306
586  396
586  400
586  774
586  802
586  814
586  838
586  877
586  901
586  919
586  936
586  952
586  976
587  97
587  184
587  263
587  853
587  860
587  882
587  917
587  926
587  978
588  67
588  347
588  505
588  525
588  589
588  654
588  711
588  824
588  861
588  863
588  973
589  189
589  230
589  694
589  706
589  718
589  719
589  734
589  787
589  843
589  864
589  874
589  906
589  945
589  959
589  969
589  970
589  982
590  52
590  379
590  558
590  632
590  804
590  815
590  845
590  856
590  868
590  957
590  980
590  984
591  103
591  110
591  418
591  622
591  624
591  825
591  859
591  891
591  909
591  939
591  942
591  943
592  86
592  107
592  272
592  823
592  829
592  869
592  875
592  883
592  884
592  886
592  904
592  934
592  983
593  389
593  531
593  578
593  757
593  880
593  898
593  925
593  961
593  963
593  966
593  987
594  84
594  183
594  399
594  452
594  656
594  800
594  826
594  844
594  846
594  851
594  854
594  873
594  902
594  921
594  971
594  978
594  990
594  991
594  997
595  162
595  731
595  870
595  878
595  940
595  953
595  988
595  994
595  995
596  28
596  619
596  835
596  842
596  847
596  904
596  906
596  924
596  947
596  949
596  964
596  968
596  972
597  313
597  802
597  834
597  837
597  841
597  872
597  893
597  955
597  960
597  967
597  989
598  34
598  451
598  521
598  803
598  811
598  818
598  830
598  839
598  850
598  908
598  918
598  932
598  937
598  948
598  957
598  973
598  975
599  812
599  816
599  819
599  824
599  836
599  903
599  919
599  927
599  951
599  962
599  985
600  817
600  856
600  897
600  928
600  980
601  623
601  825
601  828
601  865
601  915
601  916
601  946
601  979
602  30
602  674
602  805
602  814
602  821
602  849
602  933
602  952
603  424
603  776
603  833
603  851
603  852
603  879
603  900
603  925
603  929
603  934
603  945
603  981
604  205
604  231
604  366
604  437
604  532
604  738
604  832
604  848
604  857
604  876
604  885
604  893
604  896
604  943
604  944
604  958
604  976
605  238
605  750
605  813
605  886
605  890
605  895
605  919
605  959
605  974
605  977
606  466
606  789
606  815
606  840
606  920
606  921
606  996
607  722
607  809
607  853
607  854
607  882
607  926
607  939
607  941
607  982
607  984
608  753
608  758
608  862
608  910
608  914
608  938
609  116
609  174
609  198
609  289
609  820
609  860
609  956
609  993
610  126
610  287
610  631
610  730
610  871
610  902
610  905
610  930
610  961
610  983
611  342
611  448
611  761
611  847
611  986
612  222
612  370
612  514
612  618
612  822
612  884
612  906
612  991
613  456
613  671
613  909
614  490
614  802
614  913
614  963
614  965
615  144
615  431
615  530
615  595
615  663
615  765
615  815
615  827
615  898
615  936
616  657
616  829
616  859
616  868
616  883
617  561
617  751
617  806
617  878
617  879
617  935
617  964
618  826
618  922
618  948
619  35
619  150
619  258
619  365
619  814
619  864
619  908
619  911
620  760
620  858
620  901
620  916
620  937
620  975
621  87
621  111
621  275
621  348
621  515
621  837
621  877
621  967
622  193
622  453
622  816
622  855
622  904
622  912
622  990
622  997
623  14
623  543
623  799
623  801
623  835
623  856
623  867
623  954
623  957
624  250
624  647
624  824
624  831
624  873
624  910
624  932
624  999
625  134
625  176
625  428
625  717
625  834
625  872
625  973
625  989
625  995
626  22
626  38
626  410
626  849
626  980
627  225
627  334
627  434
627  522
627  874
627  875
627  897
627  914
627  921
628  281
628  392
628  676
628  800
628  803
628  854
628  887
628  917
628  942
628  993
629  398
629  407
629  823
629  907
629  949
629  988
630  75
630  149
630  200
630  804
630  848
630  850
630  881
630  919
630  934
630  938
630  970
630  998
631  89
631  423
631  698
631  816
631  828
631  890
631  954
631  991
632  186
632  838
632  866
632  927
632  933
632  944
632  946
632  984
633  425
633  432
633  817
633  818
633  862
633  880
633  965
633  967
633  986
634  449
634  846
634  852
634  861
634  863
634  871
634  885
634  918
634  931
634  951
634  960
634  978
634  979
634  981
635  123
635  382
635  516
635  807
635  822
635  827
635  935
636  491
636  626
636  644
636  775
636  860
636  932
636  969
636  982
636  996
637  36
637  830
637  858
637  906
638  833
638  845
638  889
638  896
638  900
638  923
638  930
639  808
639  839
639  924
640  212
640  344
640  840
640  854
640  892
641  545
641  580
641  856
641  893
641  903
641  962
641  976
642  55
642  182
642  371
642  535
642  865
642  870
642  945
643  777
643  869
643  936
643  952
643  958
643  964
644  156
644  825
644  877
644  943
644  950
644  959
644  966
644  989
645  805
645  813
645  832
645  834
645  843
645  928
646  511
646  512
646  763
646  821
646  849
646  859
646  894
646  917
646  921
647  158
647  264
647  739
647  809
647  826
647  828
647  939
647  972
648  369
648  604
648  842
648  871
648  888
648  930
649  323
649  812
649  901
649  956
650  811
650  844
650  940
650  963
650  985
651  504
651  975
651  994
652  253
652  269
652  583
652  703
652  829
652  873
652  990
653  46
653  733
653  803
653  824
653  904
653  934
653  961
654  92
654  909
654  981
655  61
655  815
655  883
655  925
657  63
657  341
657  346
657  457
657  912
657  918
657  920
658  461
658  807
658  810
658  823
658  886
658  897
658  899
658  979
658  997
659  155
659  379
659  384
659  651
659  863
659  984
660  43
660  210
660  755
660  835
660  941
661  441
661  468
661  831
661  875
661  895
661  935
662  474
662  850
662  879
662  910
662  973
663  201
663  685
663  742
663  827
664  611
664  876
664  922
664  995
665  194
666  74
666  839
666  858
666  872
666  982
667  77
667  621
667  661
667  808
667  822
667  870
667  957
667  967
668  120
668  227
668  310
668  419
668  524
668  826
668  884
668  907
668  970
669  228
669  681
669  700
669  768
669  793
669  878
669  914
669  915
669  940
669  971
670  220
670  364
670  663
670  843
670  889
670  919
670  924
670  929
670  952
670  985
671  178
671  397
671  430
671  864
671  896
671  913
671  977
672  17
672  168
672  517
672  605
672  851
672  899
672  902
672  908
672  943
673  662
673  801
673  877
673  900
673  950
673  975
674  6
674  483
674  816
674  953
674  978
674  996
675  235
675  295
675  343
675  362
675  513
675  810
675  813
675  849
675  857
676  350
676  591
676  855
676  863
676  891
676  955
677  203
677  320
677  402
677  496
677  803
677  814
677  838
677  926
677  954
677  991
678  170
678  380
678  800
678  854
678  903
678  921
678  938
679  821
679  842
679  843
679  932
679  937
679  944
679  990
680  105
680  415
680  701
680  759
680  794
680  796
680  837
680  844
680  852
680  882
680  909
680  925
681  469
681  831
681  866
682  81
682  139
682  874
682  886
682  905
682  920
683  72
683  311
683  328
683  374
683  463
683  783
683  817
683  833
683  860
683  865
683  868
683  966
683  968
684  71
684  95
684  561
684  745
684  818
684  834
684  861
684  869
684  897
684  906
684  927
684  934
684  951
684  959
684  997
685  249
685  720
685  812
685  815
685  845
685  862
685  885
685  890
685  895
685  947
685  961
685  970
685  973
685  983
685  989
685  993
686  49
686  190
686  617
686  740
686  820
686  875
686  892
686  896
686  928
686  999
687  730
687  848
687  859
687  867
687  880
687  898
687  901
687  910
687  980
688  850
688  871
688  941
688  960
688  994
688  998
689  146
689  238
689  486
689  802
689  828
689  841
689  847
689  860
689  872
689  902
689  942
689  974
690  567
690  830
690  840
690  884
690  911
690  916
690  936
690  949
690  987
691  302
691  527
691  801
691  806
691  832
691  836
691  881
691  914
691  962
691  992
692  44
692  808
692  822
692  856
692  923
692  930
692  931
692  954
692  975
692  979
693  408
693  473
693  912
693  940
693  957
694  798
694  818
694  879
694  948
695  811
695  819
695  825
695  888
695  984
696  835
696  858
696  887
697  401
697  809
697  851
697  894
697  933
697  963
698  19
698  112
698  130
698  497
698  541
698  770
698  865
698  913
698  917
699  76
699  195
699  446
699  460
699  597
699  824
699  868
699  945
700  480
700  791
700  873
700  885
700  904
701  16
701  319
701  420
701  838
701  870
701  877
701  919
701  934
701  961
702  741
702  830
702  849
702  853
702  927
702  968
703  101
703  315
703  713
703  821
703  831
703  905
703  908
704  37
704  41
704  64
704  863
704  895
704  918
704  943
704  950
704  955
705  11
705  103
705  147
705  312
705  686
705  721
705  728
705  915
705  947
705  967
706  31
706  427
706  474
706  582
706  883
706  922
706  935
706  982
706  986
707  292
707  414
707  482
707  507
707  544
707  814
707  876
707  991
708  69
708  308
708  367
708  620
708  688
708  766
708  889
708  973
709  219
709  339
709  393
709  538
709  751
709  808
709  839
709  929
709  949
709  995
710  7
710  32
710  162
710  278
710  845
710  867
710  921
710  960
710  980
710  983
711  164
711  406
711  697
711  864
711  972
711  988
712  3
712  57
712  78
712  125
712  141
712  223
712  804
712  846
712  890
712  909
712  912
712  916
712  937
712  969
712  989
712  997
712  999
713  97
713  245
713  596
713  761
713  878
713  894
713  896
713  945
713  952
713  982
713  998
714  266
714  440
714  500
714  526
714  532
714  579
714  590
714  781
714  819
714  866
715  9
715  331
715  540
715  628
715  645
715  704
715  780
715  806
715  820
715  821
715  827
715  837
715  847
715  849
715  856
715  874
715  893
715  903
715  975
716  183
716  270
716  498
716  816
716  858
716  862
716  914
716  924
716  938
716  994
717  813
717  828
717  829
717  857
717  861
717  875
717  879
717  882
717  884
717  900
717  926
717  956
717  966
717  976
717  987
718  118
718  206
718  599
718  788
718  811
718  830
718  834
718  850
718  873
718  891
718  901
718  939
718  941
718  948
718  951
718  973
718  996
719  470
719  807
719  815
719  819
719  826
719  833
719  843
719  880
719  910
719  923
719  931
719  944
719  964
719  969
719  978
719  984
720  53
720  802
720  835
720  840
720  852
720  904
720  934
720  959
720  962
720  967
720  974
721  812
721  823
721  854
721  885
721  899
721  907
721  917
721  920
721  942
721  952
721  953
721  970
721  975
722  842
722  844
722  869
722  896
722  898
722  943
722  971
722  977
722  979
723  279
723  810
723  836
723  848
723  881
723  946
723  958
723  965
723  980
723  993
724  803
724  805
724  831
724  860
724  886
724  892
724  906
724  925
724  927
724  957
724  983
725  433
725  800
725  801
725  822
725  855
725  870
725  932
725  990
726  385
726  841
726  873
727  651
727  913
727  954
727  960
727  985
728  110
728  779
728  936
728  958
728  997
728  999
729  877
729  940
729  961
730  387
730  808
730  832
730  879
730  916
730  968
730  972
730  991
730  998
731  229
731  502
731  725
731  827
731  887
731  889
732  165
732  173
732  335
732  598
732  653
732  812
732  859
732  872
733  271
733  559
733  798
734  51
734  361
734  908
734  930
735  52
735  254
735  342
735  754
735  888
735  929
735  989
736  23
736  65
736  306
736  333
736  379
736  657
736  771
736  848
736  865
736  915
737  106
737  286
737  534
737  919
737  942
737  974
738  121
738  135
738  198
738  537
738  811
738  874
738  897
738  973
739  99
739  149
739  248
739  256
739  291
739  351
739  436
739  602
740  80
740  156
740  192
740  202
740  228
740  468
740  525
740  656
740  659
740  963
741  128
741  477
741  817
741  923
741  933
741  947
742  548
742  557
742  671
742  787
742  857
742  861
742  955
742  959
742  986
743  73
743  300
743  356
743  687
743  772
743  822
743  867
743  876
743  985
744  186
744  399
744  476
744  611
744  654
744  658
744  757
744  782
744  814
744  853
744  885
744  899
744  905
744  939
744  951
744  957
745  94
745  114
745  352
745  487
745  572
745  648
745  765
745  775
745  820
745  829
745  851
745  854
745  906
745  966
746  8
746  396
746  425
746  478
746  531
746  813
746  839
746  845
746  869
746  873
746  884
746  927
746  950
746  971
746  991
747  187
747  711
747  724
747  805
747  821
747  871
747  878
747  901
747  911
747  976
747  997
748  89
748  127
748  246
748  268
748  272
748  395
748  479
748  621
748  755
748  825
748  831
748  835
748  877
748  881
748  926
748  965
748  996
749  142
749  373
749  674
749  803
749  807
749  819
749  833
749  842
749  854
749  860
749  898
749  937
749  978
749  990
749  999
750  221
750  234
750  355
750  366
750  591
750  812
750  816
750  818
750  834
750  838
750  886
750  896
750  909
750  914
750  941
750  946
751  107
751  357
751  524
751  731
751  824
751  828
751  832
751  840
751  843
751  850
751  888
751  893
751  897
751  907
751  912
751  917
751  918
751  922
751  938
751  940
751  944
751  948
751  956
751  964
751  979
751  998
752  732
752  758
752  801
752  823
752  825
752  845
752  846
752  849
752  870
752  874
752  883
752  895
752  906
752  916
752  928
752  952
752  968
752  974
752  989
752  994
753  109
753  216
753  717
753  836
753  875
753  882
753  894
753  904
753  962
753  987
753  992
754  340
754  810
754  814
754  826
754  864
754  920
754  921
754  954
754  959
754  963
754  995
755  336
755  404
755  738
755  800
755  841
755  868
755  925
755  932
755  945
755  982
755  997
756  485
756  831
756  847
756  859
756  872
756  902
756  929
756  931
756  960
756  972
756  980
756  993
757  100
757  802
757  828
757  848
757  879
757  913
757  953
758  26
758  323
758  510
758  515
758  603
758  815
758  855
758  858
758  903
758  949
758  951
758  958
758  975
758  986
758  999
759  311
759  334
759  372
759  441
759  444
759  553
759  571
759  575
759  804
759  811
759  842
759  852
759  866
759  873
759  919
759  924
759  936
759  942
759  981
760  39
760  466
760  488
760  613
760  646
760  767
760  829
760  830
760  892
760  908
760  941
760  983
761  163
761  180
761  400
761  825
761  861
761  863
761  910
762  313
762  360
762  806
762  822
762  862
762  890
762  933
762  961
762  977
763  113
763  123
763  201
763  353
763  595
763  814
763  836
763  871
763  891
763  900
763  905
763  944
763  973
763  984
764  224
764  255
764  277
764  435
764  520
764  565
764  809
764  817
764  839
764  849
764  926
764  927
764  943
764  955
764  988
764  991
765  148
765  233
765  349
765  460
765  462
765  773
765  808
765  813
765  833
765  840
765  857
765  860
765  865
765  884
765  911
766  132
766  386
766  403
766  708
766  727
766  756
766  820
766  912
766  934
766  962
767  66
767  88
767  122
767  337
767  377
767  397
767  533
767  561
767  696
767  747
767  844
767  882
767  896
767  922
767  930
767  947
768  36
768  137
768  348
768  493
768  625
768  693
768  786
768  821
768  895
768  899
768  960
769  207
769  208
769  304
769  324
769  664
769  665
769  744
769  875
769  887
769  939
770  98
770  285
770  317
770  446
770  677
770  837
770  854
770  965
770  967
770  987
770  989
771  193
771  197
771  251
771  357
771  418
771  489
771  543
771  560
771  573
771  812
771  819
771  856
771  867
771  869
771  874
771  889
771  964
771  969
771  973
771  985
771  990
772  32
772  111
772  260
772  321
772  330
772  472
772  508
772  587
772  804
772  823
772  845
772  853
772  880
772  883
772  914
772  971
772  972
772  978
773  29
773  79
773  103
773  157
773  358
773  376
773  390
773  457
773  511
773  583
773  645
773  678
773  699
773  766
773  807
773  851
773  862
773  876
773  888
773  904
773  906
773  952
774  250
774  282
774  326
774  455
774  486
774  604
774  652
774  748
774  824
774  885
774  900
774  902
774  917
774  933
774  945
774  950
774  957
775  30
775  61
775  104
775  167
775  262
775  305
775  346
775  384
775  423
775  554
775  596
775  816
775  831
775  834
775  895
775  901
775  921
775  928
775  954
775  976
776  54
776  191
776  378
776  528
776  800
776  809
776  811
776  865
776  898
776  943
776  986
776  997
776  998
777  150
777  209
777  243
777  273
777  320
777  465
777  522
777  624
777  749
777  783
777  827
777  841
777  857
777  877
777  903
777  907
777  916
777  918
777  946
777  956
777  970
777  980
777  984
777  990
777  996
778  6
778  82
778  161
778  165
778  274
778  374
778  463
778  586
778  685
778  806
778  810
778  814
778  828
778  843
778  850
778  860
778  864
778  873
778  878
778  894
778  897
778  910
778  924
778  966
778  977
779  13
779  124
779  131
779  269
779  694
779  813
779  829
779  830
779  891
779  913
779  915
779  919
779  948
779  968
779  979
780  21
780  46
780  172
780  178
780  406
780  449
780  453
780  801
780  831
780  839
780  847
780  893
780  909
780  923
780  929
780  932
780  942
780  947
780  956
780  961
780  967
780  992
781  133
781  200
781  369
781  429
781  445
781  492
781  805
781  818
781  821
781  824
781  835
781  836
781  846
781  848
781  856
781  861
781  879
781  890
781  904
781  905
781  922
781  935
781  949
781  959
781  982
781  993
781  995
782  18
782  153
782  484
782  647
782  754
782  814
782  822
782  838
782  849
782  853
782  870
782  888
782  924
782  925
782  951
782  970
782  981
783  563
783  804
783  808
783  812
783  819
783  826
783  844
783  852
783  863
783  869
783  884
783  899
783  902
783  917
783  926
783  938
783  941
783  960
783  962
783  969
784  3
784  297
784  481
784  803
784  817
784  858
784  871
784  886
784  887
784  900
784  916
784  918
784  940
784  943
784  945
784  989
785  170
785  261
785  735
785  802
785  832
785  834
785  845
785  859
785  866
785  934
785  953
785  968
785  974
785  991
786  5
786  14
786  238
786  408
786  417
786  496
786  562
786  846
786  892
786  896
786  906
786  983
786  994
787  34
787  820
787  842
787  857
787  860
787  863
787  881
787  931
787  946
787  950
787  952
787  958
787  975
788  59
788  316
788  447
788  666
788  801
788  815
788  841
788  856
788  867
788  877
788  883
788  907
788  908
788  911
788  922
788  938
788  948
788  954
788  955
788  971
788  972
788  973
789  35
789  205
789  688
789  710
789  803
789  810
789  816
789  827
789  920
789  925
789  937
789  942
789  963
789  978
789  982
789  983
790  49
790  280
790  546
790  578
790  616
790  643
790  848
790  850
790  854
790  861
790  862
790  872
790  882
790  895
790  898
790  953
790  957
790  959
790  988
790  992
790  999
791  1
791  115
791  211
791  837
791  865
791  871
791  912
791  915
791  926
791  932
791  979
791  984
791  997
792  98
792  281
792  422
792  542
792  574
792  807
792  811
792  874
792  878
792  886
792  888
792  940
792  949
793  214
793  434
793  518
793  592
793  805
793  830
793  869
793  884
793  889
793  904
793  916
793  944
793  964
793  965
793  990
793  993
794  242
794  292
794  458
794  682
794  800
794  802
794  825
794  849
794  852
794  873
794  921
794  934
794  951
794  960
794  966
794  969
794  976
794  984
794  985
794  986
795  28
795  43
795  412
795  527
795  730
795  821
795  832
795  833
795  836
795  899
795  924
795  949
796  93
796  569
796  829
796  843
796  851
796  855
796  891
796  893
796  930
796  939
797  264
797  383
797  450
797  620
797  823
797  875
797  879
797  885
797  900
797  920
797  927
797  943
797  994
797  998
798  117
798  797
798  838
798  958
798  968
798  982
798  999
799  309
799  909
799  961
799  963
800  176
800  353
800  828
800  840
800  847
800  947
800  950
800  980
801  164
801  203
801  503
801  529
801  608
801  709
801  736
801  824
801  868
801  892
801  913
801  931
801  935
801  987
802  27
802  147
802  288
802  859
803  70
803  130
803  551
803  856
803  864
803  933
803  945
803  962
803  991
804  11
804  420
804  494
804  589
804  739
804  764
804  826
804  872
804  880
804  890
804  928
804  944
804  996
805  144
805  257
805  333
805  535
805  784
805  790
805  813
805  833
805  918
805  971
806  50
806  56
806  195
806  700
807  83
807  256
807  303
807  390
807  391
807  428
807  470
807  521
807  650
807  839
807  903
808  182
808  365
808  530
808  612
808  648
808  701
808  804
808  816
808  858
808  952
808  995
809  22
809  63
809  175
809  271
809  388
809  432
809  532
809  606
809  634
809  753
809  801
809  819
809  822
809  827
809  887
809  894
809  902
809  919
809  938
809  943
809  959
809  973
809  975
809  989
810  62
810  160
810  183
810  237
810  293
810  404
810  566
810  623
810  633
810  636
810  712
810  800
810  808
810  841
810  853
810  860
810  884
810  891
810  911
810  967
810  990
811  39
811  231
811  245
811  580
811  622
811  630
811  702
811  728
811  785
811  847
811  851
811  886
811  931
811  936
811  956
811  976
812  87
812  120
812  146
812  325
812  495
812  538
812  629
812  640
812  715
812  737
812  806
812  831
812  881
812  937
812  974
813  275
813  312
813  531
813  548
813  588
813  669
813  673
813  809
813  850
813  861
813  866
813  878
813  901
813  904
813  915
813  929
813  947
813  954
813  955
813  961
814  270
814  607
814  637
814  729
814  752
814  793
814  803
814  805
814  814
814  818
814  830
814  844
814  847
814  853
814  857
814  876
814  877
814  879
814  914
814  940
814  941
814  972
814  998
815  118
815  171
815  363
815  483
815  581
815  613
815  820
815  825
815  829
815  871
815  883
815  885
815  896
815  900
815  906
815  932
815  969
815  983
815  994
815  997
816  193
816  222
816  807
816  811
816  815
816  897
816  908
816  921
816  926
816  957
816  963
816  978
816  992
816  993
816  999
817  75
817  252
817  740
817  800
817  808
817  832
817  837
817  843
817  846
817  874
817  893
817  905
817  927
817  946
817  951
817  968
817  970
817  979
818  772
818  823
818  867
818  873
818  889
818  899
818  909
818  910
818  923
818  934
818  977
819  683
819  801
819  845
819  862
819  875
819  913
819  918
819  950
819  965
820  638
820  802
820  804
820  816
820  826
820  840
820  848
820  856
820  882
820  924
820  935
820  937
820  942
820  984
821  355
821  500
821  821
821  842
821  852
821  857
821  869
821  912
821  920
821  939
821  960
821  991
822  661
822  696
822  813
822  835
822  850
822  859
822  898
822  958
822  982
822  988
823  199
823  577
823  802
823  808
823  834
823  864
823  873
823  907
823  916
823  925
823  945
823  953
823  971
823  981
824  436
824  890
824  895
824  940
824  944
824  949
824  962
824  967
824  973
824  976
824  979
824  990
825  156
825  815
825  819
825  825
825  846
825  883
825  888
825  904
825  920
825  948
825  964
825  978
825  985
826  42
826  44
826  181
826  241
826  344
826  544
826  705
826  718
826  810
826  860
826  870
826  891
826  892
826  902
826  922
826  933
826  950
826  996
827  134
827  387
827  499
827  575
827  719
827  821
827  854
827  868
827  917
827  966
827  969
827  974
827  986
828  461
828  506
828  555
828  812
828  849
828  858
828  880
828  916
828  987
829  20
829  487
829  593
829  811
829  884
829  911
829  919
829  955
829  998
830  392
830  550
830  657
830  824
830  828
830  836
830  843
830  863
830  896
830  901
830  951
830  957
831  114
831  179
831  605
831  918
831  952
831  959
831  997
832  505
832  524
832  618
832  841
832  924
832  929
832  954
832  965
833  64
833  862
833  865
833  879
833  927
833  970
834  263
834  411
834  639
834  806
834  837
834  930
834  984
835  268
835  300
835  341
835  840
835  859
835  871
835  894
835  897
835  900
835  977
835  983
835  989
836  600
836  805
836  958
836  982
836  993
837  15
837  138
837  187
837  595
837  857
837  991
838  71
838  124
838  396
838  397
838  596
838  722
838  769
839  192
839  327
839  433
839  438
839  975
840  788
840  833
840  854
840  870
840  903
841  218
841  232
841  598
841  627
841  803
841  830
841  831
841  839
841  842
841  925
842  35
842  54
842  80
842  491
842  655
842  716
842  862
842  876
842  877
842  931
843  110
843  368
843  558
843  822
843  829
843  856
843  869
843  878
843  909
844  68
844  77
844  239
844  552
844  567
844  800
844  861
844  908
844  926
844  933
845  336
845  409
845  534
845  695
845  703
845  826
845  835
845  855
845  898
845  920
845  943
845  983
845  999
846  91
846  421
846  479
846  721
846  823
846  853
846  860
846  903
846  906
846  976
846  980
846  994
847  33
847  201
847  283
847  328
847  342
847  365
847  814
847  844
847  872
847  905
847  914
847  923
847  942
848  296
848  443
848  467
848  689
848  801
848  847
848  928
848  952
848  957
848  963
848  968
848  972
848  990
849  101
849  135
849  143
849  456
849  590
849  815
849  820
849  834
849  840
849  851
849  866
849  907
849  910
849  938
849  959
849  981
850  223
850  373
850  827
850  865
850  881
850  927
850  944
850  966
851  136
851  227
851  800
851  802
851  809
851  843
851  850
851  886
851  892
851  904
851  912
851  932
851  941
851  946
851  947
852  875
852  880
852  882
852  885
852  893
852  895
852  921
852  939
852  945
852  954
852  962
852  971
853  304
853  498
853  845
853  874
853  879
853  891
853  911
853  985
854  350
854  813
854  825
854  858
854  859
854  873
854  884
854  912
854  919
854  929
854  934
854  949
854  977
854  997
855  168
855  279
855  614
855  751
855  803
855  822
855  890
855  998
856  233
856  674
856  832
856  849
856  868
856  967
857  789
857  807
857  808
857  818
857  826
857  852
857  888
857  918
857  982
858  7
858  66
858  819
858  824
858  836
858  956
858  960
858  978
858  989
858  995
858  997
859  402
859  724
859  794
859  812
859  828
859  925
859  926
859  936
859  987
860  12
860  235
860  274
860  332
860  495
860  765
860  767
860  804
860  883
860  900
860  931
860  953
860  979
861  79
861  92
861  184
861  430
861  856
861  916
861  935
862  320
862  333
862  810
862  830
862  833
862  937
862  951
862  955
863  105
863  194
863  582
863  820
863  838
863  848
863  853
863  897
863  909
864  139
864  564
864  656
864  811
864  817
864  821
864  844
864  877
864  896
864  965
864  973
864  988
865  72
865  211
865  704
865  726
865  842
865  861
865  863
865  865
865  917
865  943
865  984
865  989
866  251
866  610
866  823
866  831
866  839
866  961
867  109
867  329
867  399
867  403
867  497
867  525
867  612
867  675
867  684
867  776
867  802
867  873
867  886
867  908
867  924
867  948
867  950
867  972
868  141
868  166
868  230
868  271
868  311
868  452
868  743
868  759
868  855
868  870
868  889
868  923
868  990
868  994
869  220
869  829
869  837
869  845
869  866
869  871
869  921
869  943
869  947
870  253
870  576
870  841
870  894
870  915
870  942
870  963
871  486
871  559
871  847
871  852
871  887
871  898
871  913
871  983
871  998
872  30
872  258
872  857
872  893
872  902
872  956
872  958
872  964
872  980
873  511
873  584
873  848
873  884
873  899
873  903
873  931
873  939
874  155
874  441
874  528
874  537
874  803
874  809
874  819
874  833
874  835
874  860
874  864
874  891
874  985
875  107
875  405
875  424
875  444
875  814
875  816
875  846
875  878
875  933
875  941
876  41
876  169
876  800
876  801
876  811
876  834
876  843
876  901
876  909
876  971
876  986
876  993
877  260
877  503
877  570
877  822
877  851
877  858
877  865
877  883
877  897
877  931
877  952
877  967
877  970
877  978
878  16
878  204
878  806
878  831
878  862
878  874
878  876
878  911
878  946
878  977
878  991
879  278
879  338
879  549
879  560
879  784
879  805
879  815
879  818
879  828
879  872
879  907
879  925
880  808
880  944
880  982
880  992
881  632
881  840
881  869
881  922
881  949
881  973
881  995
882  46
882  82
882  477
882  515
882  850
882  879
882  895
882  962
882  975
883  89
883  802
883  836
883  896
883  917
883  933
883  938
883  955
883  961
883  968
883  987
884  513
884  649
884  768
884  854
884  880
884  954
885  145
885  188
885  737
885  750
885  856
885  892
885  900
885  981
886  0
886  40
886  330
886  349
886  810
886  841
886  919
886  924
886  976
887  96
887  97
887  285
887  677
887  859
887  885
887  918
887  934
887  935
887  940
887  941
887  963
888  624
888  705
888  779
888  798
888  809
888  830
888  862
888  886
888  979
889  100
889  541
889  930
889  972
889  991
890  575
890  710
890  813
890  829
890  835
890  846
890  849
890  855
890  888
890  898
890  948
890  984
891  446
891  586
891  826
891  926
892  267
892  557
892  736
892  842
892  875
892  882
892  916
892  921
892  936
892  939
892  974
892  978
893  865
893  927
893  971
894  106
894  172
894  617
894  795
894  800
894  874
894  887
894  952
894  954
894  959
894  966
895  64
895  615
895  929
895  957
895  967
896  266
896  357
896  814
896  823
896  917
896  919
896  946
896  960
896  989
896  996
897  58
897  207
897  401
897  573
897  679
897  812
897  837
897  856
897  884
897  890
897  914
897  942
898  69
898  594
898  640
898  694
898  820
898  828
898  847
898  899
898  985
899  182
899  420
899  473
899  817
899  870
899  897
899  920
899  972
900  48
900  413
900  754
900  816
900  818
900  819
900  871
900  900
900  994
901  345
901  834
901  912
901  915
901  956
901  958
901  975
901  998
902  375
902  485
902  786
902  833
902  868
902  970
903  51
903  804
903  811
903  827
903  846
903  867
904  482
904  905
904  908
904  991
905  306
905  385
905  821
905  822
905  864
905  889
905  909
905  932
905  986
906  178
906  516
906  519
906  815
906  831
906  863
906  902
906  945
906  968
907  273
907  322
907  400
907  706
907  803
907  808
907  873
907  943
907  951
908  170
908  248
908  335
908  457
908  524
908  533
908  858
908  896
908  909
908  957
908  997
909  118
909  140
909  276
909  466
909  663
909  667
909  827
909  835
909  840
909  901
909  904
909  976
909  980
910  160
910  189
910  807
910  888
910  894
910  911
910  923
910  950
910  977
911  536
911  669
911  838
911  849
911  851
911  921
911  922
911  944
912  282
912  425
912  504
912  845
912  860
912  893
912  929
913  659
913  801
913  852
913  869
913  875
913  895
913  903
913  906
913  934
913  973
913  989
914  326
914  493
914  949
914  971
914  982
915  259
915  263
915  512
915  813
915  990
916  24
916  800
916  842
916  878
916  931
916  964
917  241
917  815
917  844
917  883
917  885
917  888
917  899
917  900
917  913
917  924
917  967
917  969
918  38
918  523
918  635
918  861
918  881
918  970
919  54
919  81
919  167
919  371
919  474
919  475
919  823
919  916
919  937
919  957
920  290
920  802
920  850
920  933
920  983
920  986
920  995
921  34
921  173
921  398
921  651
921  695
921  720
921  809
921  839
921  859
921  925
921  927
921  940
921  946
921  961
921  993
922  28
922  409
922  589
922  926
922  932
922  962
922  974
922  999
923  567
923  821
923  870
923  898
924  18
924  347
924  510
924  824
924  860
924  887
924  904
924  918
924  930
925  280
925  805
925  877
925  884
925  928
925  979
926  35
926  185
926  818
926  834
926  862
926  908
926  936
926  976
927  321
927  458
927  545
927  648
927  863
927  868
927  873
927  953
928  369
928  810
928  811
928  812
928  814
928  820
928  910
928  950
928  975
929  226
929  846
929  875
929  890
929  945
930  43
930  255
930  299
930  527
930  620
930  802
930  857
930  858
930  864
930  902
930  938
930  942
930  947
930  965
930  978
930  989
931  21
931  331
931  806
931  840
931  912
931  958
931  984
931  986
932  803
932  829
932  830
932  843
932  872
932  879
932  915
932  988
933  301
933  833
933  859
933  867
934  845
934  882
934  905
934  952
934  955
934  963
934  996
935  580
935  639
936  307
936  547
936  824
936  865
936  871
936  880
936  954
937  591
937  766
937  848
937  941
938  164
938  363
938  825
938  853
938  906
938  973
939  94
939  916
940  847
940  849
940  943
940  956
941  260
941  346
941  542
941  816
941  836
941  900
941  923
941  939
941  940
942  652
942  869
942  886
942  946
943  53
943  215
943  714
943  725
943  888
943  911
943  938
943  964
943  968
943  972
943  997
944  128
944  546
944  794
944  831
944  850
944  858
945  247
945  837
945  901
946  334
946  930
946  937
946  961
946  982
946  994
947  764
947  855
947  944
948  17
948  742
948  781
948  800
949  697
949  839
949  885
949  895
949  906
949  931
949  993
950  156
950  293
950  799
950  878
950  894
950  918
951  117
951  302
951  671
952  162
952  244
952  406
952  464
952  871
952  914
953  397
953  427
953  960
954  37
954  364
954  806
954  886
954  932
955  61
955  657
955  774
955  872
955  927
955  948
955  971
956  44
956  158
956  455
956  521
956  753
956  844
956  891
956  976
957  103
957  478
957  498
957  619
957  877
957  879
957  917
957  958
958  357
958  366
958  646
958  681
958  818
958  862
958  876
958  896
958  981
958  999
959  144
959  308
959  410
959  660
959  857
959  875
959  980
959  987
959  992
960  8
960  122
960  150
960  245
960  407
960  543
960  832
960  841
960  868
960  899
960  956
960  959
960  974
961  797
961  801
961  815
961  825
961  861
961  907
961  921
961  941
961  964
962  418
962  772
962  805
962  809
962  866
962  909
962  968
963  544
963  819
963  831
963  845
963  856
963  902
963  926
963  954
963  989
964  274
964  727
964  822
964  823
964  838
964  842
964  846
964  851
964  873
964  893
964  957
964  977
964  985
964  990
965  344
965  548
965  810
965  834
965  887
965  890
965  897
965  936
965  991
966  221
966  803
966  824
966  843
966  859
966  906
966  913
966  915
967  802
967  813
967  821
967  876
967  949
967  965
967  967
967  993
968  303
968  758
968  828
968  939
968  960
968  961
968  969
969  708
969  854
969  874
969  880
969  928
969  930
969  943
969  995
969  998
970  561
970  860
970  881
970  927
970  955
971  296
971  432
971  568
971  847
971  910
971  920
972  20
972  395
972  812
972  849
972  867
972  938
972  978
972  982
973  872
973  892
973  997
974  132
974  180
974  191
974  196
974  198
974  253
974  592
974  912
974  922
974  932
974  940
974  953
974  962
974  964
975  441
975  944
975  987
976  242
976  351
976  526
976  826
976  834
976  853
976  946
977  19
977  86
977  217
977  491
977  563
977  845
977  848
977  858
977  973
977  974
978  157
978  818
978  935
978  947
978  984
979  5
979  149
979  806
979  820
980  26
980  82
980  231
980  387
980  846
980  850
980  872
980  976
981  1
981  178
981  225
981  256
981  709
981  733
981  837
981  884
981  950
982  88
982  106
982  202
982  277
982  434
982  811
982  830
982  861
982  882
982  934
982  939
983  119
983  135
983  220
983  249
983  601
983  757
983  807
983  827
984  7
984  112
984  169
984  384
984  631
984  699
984  791
984  904
984  908
984  963
984  968
984  975
985  71
985  85
985  497
985  786
985  821
985  840
986  235
986  675
986  808
986  829
986  852
986  878
986  899
986  959
987  102
987  131
987  212
987  431
987  647
987  736
987  756
987  801
987  862
987  889
987  893
987  996
988  73
988  349
988  394
988  426
988  704
988  831
988  971
988  978
988  985
989  50
989  187
989  261
989  287
989  661
989  805
989  842
989  888
989  902
989  929
989  931
989  988
989  998
990  386
990  806
990  836
990  851
990  856
990  857
990  898
990  923
990  941
990  949
990  976
990  980
991  442
991  590
991  673
991  724
991  780
991  804
991  825
991  859
991  869
991  879
991  918
991  945
992  193
992  262
992  596
992  609
992  636
992  732
992  751
992  761
992  849
992  860
992  863
992  865
992  873
992  883
992  900
992  911
992  930
992  939
992  942
992  944
992  972
992  984
992  993
993  195
993  484
993  637
993  801
993  809
993  816
993  833
993  838
993  901
993  926
993  927
993  948
993  960
993  979
993  990
994  268
994  752
994  814
994  841
994  891
994  919
994  920
994  941
994  950
994  957
994  961
994  967
994  977
994  983
995  826
995  854
995  876
995  886
995  905
995  907
995  924
995  925
995  952
995  956
996  108
996  792
996  802
996  812
996  822
996  871
996  916
996  954
996  987
996  991
997  488
997  522
997  658
997  800
997  835
997  842
997  892
997  895
997  917
997  951
997  965
997  974
997  997
998  815
998  847
998  890
998  894
998  906
998  922
998  932
998  946
998  990
999  319
999  824
999  845
999  864
999  877
999  897
999  899
999  915
999  937
999  982
